Detailed Results,
R<8e>sultats d<8e>taill<8e>s,
Rank,Name,Ctry Code,Dive No.,DD,Judge's Score,Dive Points,Dive Rank,Total Points,Overall Rank,Points Behind,
,J1,J2,J3,J4,J5,J6,J7,
1,LIN Yue,CHN,407C,3.2,9.0,9.0,9.0,9.0,8.5,9.0,9.0,86.40,=2,86.40,=2,2.70,
,307C,3.3,9.5,9.0,9.5,9.5,9.0,8.0,9.0,90.75,3,177.15,1,
,207B,3.6,6.5,6.0,7.0,5.5,7.0,6.5,6.5,70.20,22,247.35,2,8.30,
,109C,3.7,8.0,9.0,8.0,8.5,8.5,8.0,8.0,90.65,1,338.00,1,
,6245D,3.6,8.5,9.0,9.0,8.5,8.5,8.0,8.5,91.80,2,429.80,1,
,5255B,3.6,8.5,8.5,7.0,8.5,8.5,8.0,8.0,90.00,=3,519.80,1,
2,QIU Bo,CHN,407C,3.2,8.0,7.5,7.0,8.0,7.5,7.0,6.5,70.40,21,70.40,21,18.70,
,626B,3.5,9.0,9.0,9.5,9.0,9.0,9.0,9.5,94.50,1,164.90,4,12.25,
,307C,3.3,9.5,9.0,9.0,10,9.5,9.0,9.0,90.75,1,255.65,1,
,207B,3.6,6.0,6.5,6.5,4.0,6.5,6.0,6.5,68.40,=21,324.05,4,13.95,
,109C,3.7,9.0,9.5,8.5,9.0,9.0,9.0,9.0,99.90,1,423.95,2,5.85,
,5255B,3.6,8.0,8.0,8.0,7.5,7.0,7.5,7.5,82.80,=9,506.75,2,13.05,
3,ESKILSSON Christofer,SWE,5253B,3.2,8.0,8.5,8.0,8.5,8.0,8.0,8.5,78.40,9,78.40,9,10.70,
,407C,3.2,9.0,8.5,8.5,8.5,9.0,9.0,8.5,83.20,=6,161.60,7,15.55,
,626C,3.3,8.0,9.0,8.5,8.5,8.5,8.0,8.5,84.15,=5,245.75,3,9.90,
,207C,3.3,8.5,8.5,8.0,8.0,9.0,8.5,8.0,82.50,=5,328.25,2,9.75,
,307C,3.3,9.0,9.0,9.0,8.5,9.0,8.5,8.5,87.45,=5,415.70,3,14.10,
,109C,3.7,7.5,7.5,7.5,6.5,7.5,7.5,7.5,83.25,8,498.95,3,20.85,
4,MITCHAM Matthew,AUS,107B,3.0,8.0,8.5,8.5,8.5,8.0,7.5,8.5,75.00,16,75.00,16,14.10,
,6245D,3.6,7.0,7.5,8.0,7.5,7.5,7.5,8.0,81.00,9,156.00,8,21.15,
,207C,3.3,9.5,9.0,9.0,9.0,9.0,8.5,8.5,89.10,=2,245.10,4,10.55,
,407C,3.2,8.5,8.0,8.5,7.5,8.5,9.0,9.0,81.60,7,326.70,3,11.30,
,307C,3.3,9.0,8.0,9.0,8.5,8.5,8.5,9.0,85.80,10,412.50,4,17.30,
,5255B,3.6,8.0,7.5,7.5,8.0,8.5,8.0,8.0,86.40,=5,498.90,4,20.90,
5,SANCHEZ German,MEX,207C,3.3,6.0,5.5,6.5,6.0,6.5,5.5,7.0,61.05,33,61.05,33,28.05,
,109C,3.7,8.5,8.5,8.0,7.5,8.5,8.0,8.0,90.65,4,151.70,12,25.45,
,626C,3.3,7.0,8.0,7.5,8.5,8.5,8.5,8.5,82.50,7,234.20,7,21.45,
,307C,3.3,7.5,8.0,7.5,7.0,7.5,8.0,8.0,75.90,=12,310.10,6,27.90,
,5156B,3.8,7.5,7.0,7.5,8.0,8.5,8.0,8.0,89.30,3,399.40,5,30.40,
,409C,4.1,5.5,8.0,7.5,6.0,8.0,7.5,7.0,90.20,2,489.60,5,30.20,
6,MINIBAEV Victor,RUS,407C,3.2,9.0,8.5,8.0,8.5,8.5,9.5,8.5,81.60,=5,81.60,=5,7.50,
,109C,3.7,5.5,5.5,4.5,4.5,5.0,6.5,4.5,55.50,31,137.10,22,40.05,
,307C,3.3,9.0,9.0,8.5,8.5,9.0,9.0,9.0,89.10,=2,226.20,9,29.45,
,6245D,3.6,7.0,6.5,8.0,7.5,7.0,7.5,7.0,77.40,11,303.60,8,34.40,
,207B,3.6,8.5,7.5,8.5,7.0,7.5,8.5,8.5,88.20,4,391.80,6,38.00,
,5255B,3.6,7.5,7.5,7.5,7.0,7.5,8.0,7.5,81.00,=11,472.80,6,47.00,
7,PACHECO Rommel,MEX,407C,3.2,7.5,7.5,8.0,7.5,7.0,7.5,8.5,72.00,=17,72.00,=17,17.10,
,109C,3.7,7.0,7.0,7.5,7.0,6.5,7.0,7.0,77.70,10,149.70,13,27.45,
,6243D,3.2,7.5,7.5,7.5,7.5,7.5,7.5,8.0,72.00,=19,221.70,12,33.95,
,207C,3.3,8.5,8.5,8.5,7.5,8.5,8.0,8.0,82.50,=5,304.20,7,33.80,
,307C,3.3,8.5,8.5,9.5,8.5,9.0,9.5,9.0,87.45,=5,391.65,7,38.15,
,5255B,3.6,7.0,7.0,7.0,7.0,7.0,7.5,7.0,75.60,18,467.25,7,52.55,
8,WOLFRAM Martin,GER,6245D,3.6,8.5,8.0,8.0,8.0,8.0,8.0,8.5,86.40,=2,86.40,=2,2.70,
,407C,3.2,8.0,8.0,8.0,8.0,8.0,8.5,8.5,76.80,=12,163.20,5,13.95,
,307C,3.3,8.0,8.0,6.5,7.0,8.0,7.5,8.0,77.55,10,240.75,5,14.90,
,207B,3.6,4.5,4.5,5.5,4.5,4.0,4.5,5.0,48.60,=33,289.35,12,48.65,
,5255B,3.6,8.0,8.5,8.0,8.0,8.0,8.5,7.5,86.40,9,375.75,10,54.05,
,109C,3.7,8.5,8.0,8.5,7.5,8.0,8.5,8.0,90.65,1,466.40,8,53.40,
9,BONDAR Oleksandr,UKR,6245D,3.6,7.0,7.5,7.5,7.0,7.5,8.0,8.0,81.00,7,81.00,7,8.10,
,407C,3.2,8.5,8.0,8.5,9.0,8.5,8.5,8.5,81.60,8,162.60,6,14.55,
,107B,3.0,7.0,7.5,8.0,8.0,7.5,7.0,7.0,66.00,26,228.60,8,27.05,
,207C,3.3,8.5,8.0,9.0,8.0,8.5,8.5,8.5,84.15,4,312.75,5,25.25,
,307C,3.3,7.5,8.0,7.5,6.5,7.5,8.0,8.0,75.90,17,388.65,8,41.15,
,5255B,3.6,8.0,6.5,7.5,7.0,7.0,7.5,7.0,77.40,16,466.05,9,53.75,
10,HAUSDING Patrick,GER,107B,3.0,7.0,7.5,7.5,7.5,8.0,7.5,7.5,67.50,27,67.50,27,21.60,
,407C,3.2,7.0,6.5,7.5,6.5,6.5,7.0,8.0,65.60,=26,133.10,26,44.05,
,6243D,3.2,7.5,8.0,8.0,8.5,8.0,8.0,8.5,76.80,=11,209.90,20,45.75,
,207B,3.6,8.5,8.5,8.0,7.5,8.0,8.5,8.0,88.20,2,298.10,10,39.90,
,307C,3.3,8.0,7.0,8.0,7.0,7.0,8.0,7.0,72.60,19,370.70,11,59.10,
,5255B,3.6,7.5,7.5,8.0,8.0,7.5,8.5,7.5,82.80,=9,453.50,10,66.30,
11,GUERRA Jose A.,CUB,107B,3.0,7.5,5.5,6.0,6.0,6.0,6.0,6.5,54.00,=37,54.00,=37,35.10,
,207B,3.6,6.5,5.5,6.5,6.0,6.0,6.0,5.0,64.80,28,118.80,34,58.35,
,407C,3.2,9.5,9.0,9.0,9.0,8.5,9.0,8.5,86.40,4,205.20,22,50.45,
,6243D,3.2,8.0,7.0,7.0,7.0,7.0,7.5,7.0,67.20,25,272.40,23,65.60,
,307C,3.3,8.5,8.5,9.0,8.0,9.0,9.0,9.0,87.45,=5,359.85,13,69.95,
,5255B,3.6,8.5,8.0,8.5,8.0,8.5,8.0,8.5,90.00,=3,449.85,11,69.95,
DVM002901_73E 1.0                                                                                                   Report created FRI 24 FEB 2012 17:22                                                                                                            Page 1 of 4,
Detailed Results,
R<8e>sultats d<8e>taill<8e>s,
Rank,Name,Ctry Code,Dive No.,DD,Judge's Score,Dive Points,Dive Rank,Total Points,Overall Rank,Points Behind,
,J1,J2,J3,J4,J5,J6,J7,
12,BOUDIA David,USA,6245D,3.6,7.5,7.5,7.5,7.0,7.5,7.0,7.0,79.20,8,79.20,8,9.90,
,407C,3.2,8.5,9.0,9.0,9.5,9.5,10,9.5,89.60,5,168.80,3,8.35,
,109C,3.7,6.0,6.0,5.5,6.0,6.5,6.0,6.5,66.60,25,235.40,6,20.25,
,307C,3.3,7.0,7.0,6.5,5.5,6.5,7.5,7.0,67.65,=23,303.05,9,34.95,
,207B,3.6,7.5,7.5,7.5,7.0,7.5,7.5,7.5,81.00,11,384.05,9,45.75,
,5255B,3.6,6.0,5.0,5.5,6.5,5.5,6.5,5.5,61.20,31,445.25,12,74.55,
13,VILLA CASTANEDA,COL,5253B,3.2,8.5,8.0,8.5,7.5,8.0,8.0,8.0,76.80,=10,76.80,=10,12.30,
,Sebastian,107B,3.0,8.5,8.0,8.0,7.5,7.5,8.0,8.5,72.00,=18,148.80,15,28.35,
,626C,3.3,7.5,7.5,8.0,8.0,7.5,6.5,8.5,75.90,13,224.70,10,30.95,
,407C,3.2,5.5,5.5,5.5,6.0,5.0,5.0,5.5,52.80,31,277.50,19,60.50,
,207C,3.3,7.5,8.0,7.0,7.0,8.0,8.0,8.0,77.55,15,355.05,15,74.75,
,307C,3.3,8.5,8.5,8.0,7.0,8.5,9.0,8.5,84.15,7,439.20,13,80.60,
14,PARISI Hugo,BRA,107B,3.0,7.0,8.0,8.0,8.0,7.5,8.0,7.5,70.50,20,70.50,20,18.60,
,407C,3.2,7.0,6.0,6.5,5.0,6.0,6.0,5.5,57.60,30,128.10,28,49.05,
,207C,3.3,7.5,8.0,8.0,8.0,8.0,7.5,8.0,79.20,8,207.30,21,48.35,
,6245D,3.6,6.0,6.5,6.0,6.5,6.5,7.0,6.0,68.40,=21,275.70,21,62.30,
,307C,3.3,7.5,7.0,6.5,7.0,6.0,7.5,7.0,69.30,=22,345.00,20,84.80,
,5255B,3.6,8.0,8.0,7.5,8.5,8.5,8.0,8.0,86.40,=5,431.40,14,88.40,
15,KAPTUR Vadim,BLR,5253B,3.2,6.0,7.5,7.0,7.0,7.0,7.0,6.5,67.20,=28,67.20,=28,21.90,
,6142D,3.1,5.5,7.5,7.0,7.0,7.5,7.5,6.0,66.65,25,133.85,25,43.30,
,207C,3.3,7.0,6.5,7.0,7.0,6.5,7.0,6.0,67.65,24,201.50,23,54.15,
,307C,3.3,7.5,8.0,8.5,8.5,8.0,8.0,8.0,79.20,=9,280.70,=15,57.30,
,407C,3.2,8.0,8.0,8.0,7.5,8.0,7.5,8.0,76.80,16,357.50,14,72.30,
,107B,3.0,8.0,8.0,8.0,9.0,8.5,8.5,8.0,73.50,20,431.00,15,88.80,
16,WATERFIELD Peter,GBR,626C,3.3,9.5,9.5,9.0,9.0,9.0,8.5,8.5,89.10,1,89.10,1,4.85,
,407C,3.2,9.0,8.5,8.5,8.5,8.5,9.0,9.0,83.20,=6,172.30,2,
,109C,3.7,4.0,3.5,3.0,3.5,3.0,3.5,3.5,38.85,39,211.15,=18,44.50,
,207C,3.3,6.5,6.5,7.0,5.5,7.0,7.5,7.0,67.65,=23,278.80,18,59.20,
,307C,3.3,6.5,8.5,7.5,7.0,8.0,8.0,7.0,74.25,18,353.05,17,76.75,
,5255B,3.6,6.5,6.0,6.5,6.5,7.0,7.5,6.5,70.20,=23,423.25,16,96.55,
17,BRYAN NICKSON,MAS,6243D,3.2,6.0,6.5,6.0,7.0,6.0,7.0,6.5,60.80,34,60.80,34,28.30,
,Lomas,109C,3.7,3.5,3.5,4.0,4.0,3.5,4.0,3.5,40.70,38,101.50,38,75.65,
,5255B,3.6,7.5,7.0,7.5,6.5,6.0,6.5,7.0,73.80,16,175.30,35,80.35,
,409C,4.1,8.0,7.0,7.0,6.0,7.0,6.5,7.0,86.10,3,261.40,26,76.60,
,307C,3.3,8.5,9.0,8.5,8.0,9.0,9.0,9.0,87.45,=5,348.85,18,80.95,
,207C,3.3,6.5,7.5,7.5,6.5,7.5,7.5,7.5,74.25,19,423.10,17,96.70,
18,GALPERIN Gleb,RUS,407C,3.2,8.0,7.5,7.0,7.5,8.0,8.5,8.0,75.20,15,75.20,15,13.90,
,6243D,3.2,8.0,8.0,8.0,8.0,8.0,8.0,7.5,76.80,=12,152.00,11,25.15,
,109C,3.7,5.0,5.5,4.5,5.5,6.0,5.5,5.0,59.20,31,211.20,17,44.45,
,207C,3.3,6.5,7.0,7.0,6.5,6.5,6.5,7.0,66.00,26,277.20,20,60.80,
,307C,3.3,6.5,6.5,6.5,6.0,6.5,6.0,6.0,62.70,30,339.90,22,89.90,
,5255B,3.6,7.5,7.0,8.0,7.0,7.5,8.0,7.5,81.00,=11,420.90,18,98.90,
19,DELL'UOMO,ITA,5152B,2.9,8.0,7.0,7.5,7.0,7.5,7.0,7.0,62.35,32,62.35,32,26.75,
,Francesco,107B,3.0,8.0,8.0,8.5,7.5,8.0,7.5,8.0,72.00,=18,134.35,24,42.80,
,407C,3.2,7.5,8.0,8.5,8.0,8.0,8.0,8.0,76.80,=11,211.15,=18,44.50,
,207C,3.3,8.0,7.5,8.0,7.0,7.5,8.0,7.5,75.90,=12,287.05,13,50.95,
,307C,3.3,7.5,5.5,7.0,6.5,7.0,7.0,6.5,67.65,=25,354.70,16,75.10,
,6142D,3.1,6.5,6.5,6.5,6.5,7.0,7.5,6.5,60.45,33,415.15,19,104.65,
20,ZAKHAROV Anton,UKR,407C,3.2,8.0,8.5,8.0,8.0,7.5,7.5,8.0,76.80,=10,76.80,=10,12.30,
,207B,3.6,6.0,5.5,6.0,5.5,6.0,6.0,5.5,63.00,29,139.80,19,37.35,
,109C,3.7,6.5,6.5,7.0,6.5,6.5,6.0,6.5,72.15,18,211.95,16,43.70,
,307C,3.3,7.0,7.5,7.0,6.5,6.5,7.0,7.0,69.30,=19,281.25,14,56.75,
,626B,3.5,6.0,5.5,6.0,6.0,4.5,5.0,6.0,61.25,31,342.50,21,87.30,
,5255B,3.6,6.0,6.5,6.5,6.5,6.5,6.5,6.0,70.20,=23,412.70,20,107.10,
21,GISMERVICK Amund,NOR,5253B,3.2,6.0,6.5,7.5,6.0,7.0,6.5,7.0,64.00,30,64.00,30,25.10,
,107B,3.0,8.5,8.5,8.5,8.0,8.5,8.5,8.5,76.50,14,140.50,18,36.65,
,207C,3.3,5.5,6.5,7.0,6.5,6.0,5.5,5.0,59.40,30,199.90,26,55.75,
,307C,3.3,7.5,7.5,7.5,7.0,8.0,7.5,7.0,74.25,14,274.15,22,63.85,
,6142D,3.1,7.5,6.5,8.0,7.5,8.0,8.5,7.5,71.30,21,345.45,19,84.35,
,407C,3.2,6.5,6.5,6.5,6.0,6.5,7.0,6.5,62.40,=29,407.85,21,111.95,
22,AGUIRRE Jeinkler,CUB,107B,3.0,8.5,8.5,8.5,8.5,8.5,8.0,8.0,76.50,14,76.50,14,12.60,
,207B,3.6,4.5,4.5,5.0,5.0,4.5,5.0,6.0,52.20,33,128.70,27,48.45,
,6243D,3.2,7.5,7.5,7.0,7.5,7.5,7.0,8.5,72.00,=19,200.70,24,54.95,
,407C,3.2,8.5,8.0,8.0,8.0,8.5,8.5,9.0,80.00,8,280.70,=15,57.30,
,307C,3.3,4.0,4.0,4.5,6.0,4.5,4.0,4.5,42.90,40,323.60,26,106.20,
,5255B,3.6,7.5,7.0,7.5,7.5,7.0,7.5,7.5,81.00,=11,404.60,22,115.20,
DVM002901_73E 1.0                                                                                                   Report created FRI 24 FEB 2012 17:22                                                                                                            Page 2 of 4,
Detailed Results,
R<8e>sultats d<8e>taill<8e>s,
Rank,Name,Ctry Code,Dive No.,DD,Judge's Score,Dive Points,Dive Rank,Total Points,Overall Rank,Points Behind,
,J1,J2,J3,J4,J5,J6,J7,
23,HYON JU Ri,PRK,107B,3.0,3.5,3.5,4.0,3.5,4.0,4.0,4.0,34.50,42,34.50,42,54.60,
,407C,3.2,8.5,9.5,9.0,9.5,9.5,9.5,9.5,91.20,2,125.70,30,51.45,
,626C,3.3,6.0,6.0,6.5,6.5,6.0,6.5,7.0,62.70,28,188.40,29,67.25,
,207C,3.3,8.0,8.0,8.0,8.5,8.0,8.0,7.5,79.20,=9,267.60,24,70.40,
,307C,3.3,5.5,5.0,6.0,6.0,6.5,5.5,5.5,56.10,35,323.70,25,106.10,
,5253B,3.2,8.0,8.5,8.0,8.5,8.5,8.0,7.5,78.40,14,402.10,23,117.70,
24,McCORMICK Riley,CAN,107B,3.0,7.5,8.0,7.5,8.0,7.5,7.5,8.0,69.00,=22,69.00,=22,20.10,
,5255B,3.6,7.0,7.5,6.5,6.5,7.0,7.0,7.0,75.60,15,144.60,16,32.55,
,407C,3.2,8.5,8.0,8.5,8.0,8.0,8.0,8.5,78.40,9,223.00,11,32.65,
,626C,3.3,7.0,7.0,7.0,7.0,7.0,7.0,7.0,69.30,=19,292.30,11,45.70,
,307C,3.3,7.0,6.5,6.5,7.0,7.0,7.0,6.5,67.65,=25,359.95,12,69.85,
,207B,3.6,3.5,4.0,3.5,5.5,4.5,3.5,4.0,41.40,42,401.35,24,118.45,
25,ORTEGA Victor,COL,5253B,3.2,7.0,7.5,8.0,8.0,7.5,7.5,7.5,72.00,=17,72.00,=17,17.10,
,107B,3.0,7.5,7.5,7.5,8.0,7.5,7.5,8.0,67.50,24,139.50,20,37.65,
,207C,3.3,4.5,4.5,4.5,4.0,3.5,4.0,4.0,41.25,37,180.75,34,74.90,
,307C,3.3,7.5,7.5,7.0,7.0,7.0,7.5,8.0,72.60,16,253.35,31,84.65,
,626C,3.3,6.5,7.0,6.5,7.0,7.0,8.0,7.0,69.30,=22,322.65,27,107.15,
,407C,3.2,7.5,7.0,7.5,6.5,8.0,8.0,7.5,72.00,=21,394.65,25,125.15,
26,ZENG Tian Yi,HKG,107B,3.0,7.5,8.0,8.0,7.5,7.5,7.5,8.0,69.00,=22,69.00,=22,20.10,
,407C,3.2,3.0,3.5,3.0,3.5,3.5,3.0,3.0,30.40,41,99.40,39,77.75,
,205B,2.9,8.5,8.0,8.5,8.5,8.5,9.0,8.0,73.95,15,173.35,36,82.30,
,305B,2.9,7.0,6.5,7.5,7.0,6.5,6.5,7.0,59.45,29,232.80,33,105.20,
,626C,3.3,7.5,7.5,8.5,8.5,8.0,9.0,8.0,80.85,12,313.65,31,116.15,
,5237D,3.3,7.5,7.5,8.0,8.5,7.5,8.5,8.0,77.55,15,391.20,26,128.60,
27,MURAKAMI Kazuki,JPN,407C,3.2,8.0,8.5,8.0,8.0,8.5,8.0,8.0,76.80,=10,76.80,=10,12.30,
,626B,3.5,4.5,4.5,5.0,5.0,5.0,5.0,4.0,50.75,35,127.55,29,49.60,
,307C,3.3,3.5,4.0,5.0,4.0,3.5,4.0,4.0,39.60,38,167.15,37,88.50,
,207B,3.6,6.5,7.0,5.5,5.0,6.5,6.5,6.5,70.20,18,237.35,32,100.65,
,107B,3.0,8.0,8.5,9.0,9.0,9.0,8.5,8.5,78.00,14,315.35,29,114.45,
,5255B,3.6,5.5,6.5,7.0,6.5,6.5,5.0,5.5,66.60,25,381.95,27,137.85,
28,CHIARBINI Andrea,ITA,407C,3.2,7.5,7.5,7.0,7.0,7.0,7.5,7.0,68.80,=25,68.80,=25,20.30,
,626C,3.3,3.5,3.5,4.0,3.0,3.0,3.5,3.5,34.65,40,103.45,37,73.70,
,207C,3.3,9.0,8.5,8.5,9.0,8.5,8.5,8.0,84.15,=5,187.60,30,68.05,
,307C,3.3,8.0,7.0,6.5,5.0,7.5,7.0,7.5,70.95,17,258.55,28,79.45,
,107B,3.0,6.0,7.0,6.5,6.5,6.5,6.5,6.0,58.50,33,317.05,28,112.75,
,5253B,3.2,6.0,6.5,6.5,6.5,6.5,7.0,6.5,62.40,=29,379.45,28,140.35,
29,SEHN Eric,CAN,407C,3.2,8.5,7.5,7.0,7.5,7.5,7.0,7.5,72.00,=17,72.00,=17,17.10,
,6245D,3.6,7.5,7.5,7.0,7.0,7.0,7.0,7.5,77.40,11,149.40,14,27.75,
,107B,3.0,7.5,7.5,8.0,8.0,8.0,7.5,8.0,70.50,21,219.90,13,35.75,
,207C,3.3,5.0,3.0,5.0,4.5,4.5,4.5,4.5,44.55,=36,264.45,25,73.55,
,307C,3.3,6.0,7.0,6.0,6.5,6.5,6.5,6.5,64.35,29,328.80,23,101.00,
,5255B,3.6,4.5,6.5,4.0,3.0,5.0,4.5,4.5,48.60,37,377.40,29,142.40,
30,HORDEICHIK Timofei,BLR,5253B,3.2,8.0,8.0,8.0,8.0,8.0,8.5,8.0,76.80,=10,76.80,=10,12.30,
,626C,3.3,4.0,4.5,5.0,4.0,4.5,4.5,4.5,44.55,36,121.35,33,55.80,
,107B,3.0,7.0,7.0,7.0,7.0,7.5,7.0,7.0,63.00,27,184.35,31,71.30,
,407C,3.2,8.0,8.0,8.0,7.5,7.0,7.0,7.5,73.60,15,257.95,30,80.05,
,207C,3.3,7.5,6.5,6.5,6.5,7.0,7.0,6.5,66.00,28,323.95,24,105.85,
,307C,3.3,4.5,4.5,5.0,6.5,5.0,5.5,5.0,49.50,36,373.45,30,146.35,
31,BRICK Max,GBR,5255B,3.6,8.0,8.0,8.5,7.5,7.5,8.0,7.5,84.60,4,84.60,4,4.50,
,407C,3.2,7.5,7.0,7.5,7.0,6.5,8.0,7.0,68.80,=22,153.40,10,23.75,
,6243D,3.2,6.0,6.5,7.0,6.0,6.0,6.5,6.5,60.80,29,214.20,14,41.45,
,207B,3.6,6.0,6.0,5.5,6.0,6.0,6.0,5.0,64.80,27,279.00,17,59.00,
,109C,3.7,3.0,3.0,3.0,2.0,2.5,2.5,3.0,31.45,42,310.45,32,119.35,
,307C,3.3,5.5,6.5,6.0,6.5,6.0,5.5,5.5,57.75,34,368.20,31,151.60,
32,IL MYONG Hyon,PRK,107B,3.0,7.5,7.0,8.5,8.0,7.5,7.5,8.5,69.00,=22,69.00,=22,20.10,
,407C,3.2,6.5,7.0,7.5,7.0,7.5,7.0,7.5,68.80,=22,137.80,21,39.35,
,626C,3.3,7.5,7.5,8.0,8.5,7.5,7.5,7.5,74.25,14,212.05,15,43.60,
,207C,3.3,5.0,4.0,3.5,6.0,5.0,4.5,4.5,46.20,35,258.25,29,79.75,
,307C,3.3,4.0,4.0,3.0,3.0,4.0,3.0,4.0,36.30,41,294.55,35,135.25,
,5253B,3.2,8.0,7.5,7.0,7.5,8.5,7.5,7.0,72.00,=21,366.55,32,153.25,
33,TZE LIANG Ooi,MAS,107B,3.0,6.0,7.0,7.0,7.5,7.0,8.0,6.5,63.00,31,63.00,31,26.10,
,407C,3.2,8.0,7.5,7.5,7.5,7.5,7.5,7.5,72.00,=18,135.00,23,42.15,
,6243D,3.2,6.5,5.0,4.5,5.0,5.0,5.0,5.5,48.00,35,183.00,32,72.65,
,207C,3.3,4.0,6.5,4.5,4.0,5.0,4.5,4.5,44.55,=36,227.55,=35,110.45,
,307C,3.3,6.0,5.5,6.5,6.0,5.5,6.0,6.0,59.40,32,286.95,37,142.85,
,5253B,3.2,8.0,8.5,8.0,8.0,8.0,7.5,8.0,76.80,17,363.75,33,156.05,
DVM002901_73E 1.0                                                                                                   Report created FRI 24 FEB 2012 17:22                                                                                                            Page 3 of 4,
Detailed Results,
R<8e>sultats d<8e>taill<8e>s,
Rank,Name,Ctry Code,Dive No.,DD,Judge's Score,Dive Points,Dive Rank,Total Points,Overall Rank,Points Behind,
,J1,J2,J3,J4,J5,J6,J7,
34,PARK Jiho,KOR,107B,3.0,5.5,6.0,6.0,5.5,5.5,5.5,5.0,49.50,39,49.50,39,39.60,
,407C,3.2,7.5,7.5,7.5,7.5,7.5,7.0,7.0,72.00,=18,121.50,32,55.65,
,207C,3.3,6.0,6.5,7.0,7.5,7.0,7.0,7.0,69.30,23,190.80,28,64.85,
,305B,2.9,4.0,4.0,4.0,4.5,4.5,3.5,4.5,36.25,41,227.05,37,110.95,
,5253B,3.2,7.5,7.0,7.0,7.5,7.5,8.0,7.5,72.00,20,299.05,33,130.75,
,6243D,3.2,6.5,6.5,6.5,6.5,7.0,7.0,7.0,64.00,27,363.05,34,156.75,
35,FINCHUM Thomas,USA,407C,3.2,9.0,8.5,8.0,8.5,8.5,8.5,9.0,81.60,=5,81.60,=5,7.50,
,107B,3.0,8.0,8.0,8.5,8.0,8.5,8.5,8.0,73.50,17,155.10,9,22.05,
,6245D,3.6,3.5,3.5,3.5,3.0,3.5,4.0,4.0,37.80,40,192.90,27,62.75,
,307C,3.3,3.5,2.5,3.5,3.5,3.5,5.0,4.0,34.65,42,227.55,=35,110.45,
,207B,3.6,6.5,7.0,7.0,6.0,6.0,6.5,6.0,68.40,24,295.95,34,133.85,
,5255B,3.6,6.5,5.5,6.0,6.5,6.0,5.5,5.5,63.00,28,358.95,35,160.85,
36,ROJAS Walter,VEN,5253B,3.2,6.5,7.5,7.0,7.0,7.5,6.5,7.5,68.80,=25,68.80,=25,20.30,
,407C,3.2,8.5,7.5,8.0,8.0,6.5,8.0,6.5,75.20,16,144.00,17,33.15,
,207C,3.3,5.0,4.5,4.0,6.5,6.0,6.5,6.0,56.10,33,200.10,25,55.55,
,307C,3.3,6.5,5.5,6.0,5.5,6.0,6.5,6.0,59.40,30,259.50,27,78.50,
,6142D,3.1,6.0,6.0,5.5,6.0,6.0,6.0,6.0,55.80,36,315.30,30,114.50,
,109C,3.7,3.5,5.0,4.0,3.5,4.0,3.5,4.0,42.55,=40,357.85,36,161.95,
37,DURAN Cassius,BRA,5253C,3.0,6.0,7.0,7.0,6.0,6.5,6.0,6.5,57.00,36,57.00,36,32.10,
,407C,3.2,5.0,5.5,6.5,5.0,6.0,5.0,5.5,51.20,34,108.20,36,68.95,
,207C,3.3,7.5,7.0,8.0,6.5,7.5,6.5,7.5,72.60,17,180.80,33,74.85,
,305C,2.7,5.5,5.5,6.5,6.0,6.0,6.0,7.0,48.60,=33,229.40,34,108.60,
,6243D,3.2,5.5,6.0,6.0,6.5,6.5,6.0,5.5,57.60,34,287.00,36,142.80,
,107B,3.0,7.5,7.5,7.0,7.5,7.0,7.0,7.5,66.00,26,353.00,37,166.80,
38,OH Yitaek,KOR,107B,3.0,6.0,7.0,7.5,6.0,6.5,6.5,6.5,58.50,35,58.50,35,30.60,
,407C,3.2,6.5,7.0,7.0,6.0,6.5,7.0,7.5,65.60,=26,124.10,31,53.05,
,207C,3.3,4.5,3.5,4.5,4.5,4.0,5.0,4.0,42.90,36,167.00,38,88.65,
,307C,3.3,4.5,5.5,5.0,5.0,4.5,5.0,5.0,49.50,32,216.50,38,121.50,
,6142D,3.1,6.0,6.0,5.5,5.5,6.5,5.5,5.5,52.70,37,269.20,38,160.60,
,5253B,3.2,6.5,6.5,6.0,7.0,7.0,6.0,6.0,60.80,32,330.00,38,189.80,
39,TZIFAS Michail,GRE,407C,3.2,3.5,3.5,4.5,4.5,4.0,4.5,4.5,41.60,40,41.60,40,47.50,
,Panagiotis,626C,3.3,5.0,5.5,5.0,5.5,6.0,6.5,5.5,54.45,32,96.05,40,81.10,
,107B,3.0,6.0,6.5,6.0,6.5,6.5,6.0,6.5,57.00,32,153.05,39,102.60,
,207C,3.3,4.5,5.0,4.0,5.0,4.5,4.5,4.5,44.55,=36,197.60,39,140.40,
,5253B,3.2,7.0,7.5,7.0,7.0,7.5,6.0,7.0,67.20,27,264.80,39,165.00,
,307C,3.3,3.0,5.5,5.0,4.0,4.5,5.0,5.0,47.85,38,312.65,39,207.15,
40,LIRANZO Jesus,VEN,107B,3.0,5.5,6.0,6.5,6.5,6.0,6.0,5.0,54.00,=37,54.00,=37,35.10,
,207C,3.3,4.0,4.0,3.0,3.5,3.5,4.0,4.5,37.95,39,91.95,41,85.20,
,307C,3.3,2.0,2.5,3.0,2.5,1.5,1.5,3.0,23.10,42,115.05,42,140.60,
,6243D,3.2,6.5,5.0,6.5,6.5,6.0,6.5,6.0,60.80,28,175.85,41,162.15,
,5253B,3.2,8.5,8.0,8.0,9.0,8.5,7.5,7.5,78.40,13,254.25,40,175.55,
,407C,3.2,4.5,4.0,5.0,5.5,5.0,5.0,4.5,46.40,39,300.65,40,219.15,
41,TOLVERS Jesper,SWE,5253B,3.2,7.0,7.0,7.5,6.5,6.5,7.0,7.0,67.20,=28,67.20,=28,21.90,
,407C,3.2,4.5,4.5,4.5,4.0,4.0,4.0,4.5,41.60,37,108.80,35,68.35,
,6243D,3.2,3.5,3.5,5.0,4.0,3.5,4.0,4.0,36.80,41,145.60,40,110.05,
,207C,3.3,4.0,5.0,4.0,5.5,4.5,4.0,4.5,42.90,39,188.50,40,149.50,
,307C,3.3,5.0,5.5,4.5,5.0,5.0,5.5,5.0,49.50,39,238.00,41,191.80,
,109C,3.7,4.5,4.5,3.5,3.5,4.0,3.0,4.0,42.55,=40,280.55,41,239.25,
42,CHINGSHUBAM,IND,107B,3.0,3.5,4.5,4.0,4.0,4.0,4.0,4.5,36.00,41,36.00,41,53.10,
,Puskar Meitei,205B,2.9,2.0,3.0,4.0,3.5,3.0,4.0,3.5,29.00,42,65.00,42,112.15,
,305C,2.7,6.0,7.0,7.5,7.0,6.5,6.5,7.0,55.35,34,120.35,41,135.30,
,407C,3.2,4.0,3.0,5.0,4.5,4.5,4.0,4.5,41.60,40,161.95,42,176.05,
,5253B,3.2,4.5,6.0,5.5,6.0,5.5,4.0,5.0,51.20,38,213.15,42,216.65,
,6243D,3.2,5.0,6.0,5.5,6.0,6.0,6.0,5.5,56.00,35,269.15,42,250.65,
Note:
For more detail on the judges see Panel of Judges for this session.,
Legend:,
=
No.,Indicates the same rank by points Number,DD
No.,Degree of difficulty Number,Jn,Judge number n,
DVM002901_73E 1.0                                                                                                   Report created FRI 24 FEB 2012 17:22                                                                                                            Page 4 of 4,
Demi-finale,
Detailed Results,
R<8e>sultats d<8e>taill<8e>s,
Rank,Name,Ctry Code,Dive No.,DD,Judge's Score,Dive Points,Dive Rank,Total Points,Overall Rank,Points Behind,
,J1,J2,J3,J4,J5,J6,J7,
1,QIU Bo,CHN,407C,3.2,9.0,9.5,9.0,9.5,9.0,9.0,9.0,86.40,2,86.40,2,3.60,
,626B,3.5,8.0,8.0,8.5,9.5,9.5,9.5,9.5,96.25,1,182.65,1,
,307C,3.3,9.5,8.5,9.5,10,9.0,9.5,10,94.05,2,276.70,1,
,207B,3.6,8.5,9.5,9.5,9.0,9.5,9.5,9.5,102.60,1,379.30,1,
,109C,3.7,9.5,9.0,9.0,9.5,9.0,9.0,8.5,99.90,1,479.20,1,
,5255B,3.6,8.0,8.0,8.0,8.0,8.0,8.0,8.0,86.40,=2,565.60,1,
2,LIN Yue,CHN,407C,3.2,7.5,7.5,8.0,7.5,7.5,7.5,7.5,72.00,=12,72.00,=12,18.00,
,307C,3.3,9.0,9.5,9.0,9.0,9.0,10,9.5,90.75,3,162.75,5,19.90,
,207B,3.6,8.0,9.0,8.5,9.0,8.5,9.0,9.0,95.40,1,258.15,2,18.55,
,109C,3.7,5.5,6.5,7.0,7.5,6.0,6.5,7.0,74.00,12,332.15,2,47.15,
,6245D,3.6,8.5,7.5,9.0,8.0,8.0,8.5,8.5,90.00,2,422.15,2,57.05,
,5255B,3.6,8.0,8.5,8.0,8.0,8.5,8.0,8.0,86.40,=2,508.55,2,57.05,
3,MINIBAEV Victor,RUS,407C,3.2,7.0,7.5,7.5,7.0,6.5,6.5,6.0,65.60,17,65.60,17,24.40,
,109C,3.7,8.5,8.5,7.5,8.5,8.5,8.0,8.0,92.50,2,158.10,7,24.55,
,307C,3.3,8.5,8.0,8.0,8.5,8.0,8.0,7.5,79.20,=6,237.30,6,39.40,
,6245D,3.6,7.5,7.5,7.0,7.5,7.5,7.5,8.0,81.00,=3,318.30,3,61.00,
,207B,3.6,7.5,8.0,7.5,8.0,8.0,8.0,7.5,84.60,5,402.90,3,76.30,
,5255B,3.6,8.5,8.5,8.5,8.5,8.5,8.0,8.0,91.80,1,494.70,3,70.90,
4,GALPERIN Gleb,RUS,407C,3.2,8.0,8.5,7.5,8.5,8.0,8.5,8.5,80.00,=6,80.00,=6,10.00,
,6243D,3.2,8.5,9.0,8.5,8.0,9.0,9.0,8.5,83.20,6,163.20,4,19.45,
,109C,3.7,7.5,7.0,7.0,7.5,7.0,7.0,7.0,77.70,9,240.90,4,35.80,
,207C,3.3,7.5,7.5,7.5,7.5,7.5,7.5,8.0,74.25,11,315.15,4,64.15,
,307C,3.3,8.5,9.0,8.5,8.5,9.0,9.0,8.5,85.80,4,400.95,4,78.25,
,5255B,3.6,7.5,8.0,8.0,8.0,7.5,8.0,7.5,84.60,=5,485.55,4,80.05,
5,BOUDIA David,USA,6245D,3.6,7.5,8.0,7.5,7.5,8.0,8.0,8.0,84.60,3,84.60,3,5.40,
,407C,3.2,7.0,6.0,7.0,7.0,6.5,6.5,7.0,65.60,14,150.20,11,32.45,
,109C,3.7,7.5,8.5,7.5,8.0,8.0,8.5,8.0,88.80,3,239.00,5,37.70,
,307C,3.3,8.0,7.5,7.5,8.0,7.0,7.5,8.0,75.90,=9,314.90,5,64.40,
,207B,3.6,7.5,7.5,7.5,7.0,7.0,6.0,7.0,77.40,11,392.30,5,86.90,
,5255B,3.6,7.5,8.0,8.0,7.5,7.5,7.5,7.5,81.00,=7,473.30,5,92.30,
6,HAUSDING Patrick,GER,107B,3.0,7.5,8.5,7.5,8.5,8.0,8.5,8.5,75.00,11,75.00,11,15.00,
,407C,3.2,8.0,7.5,7.5,8.0,8.0,8.0,8.0,76.80,=9,151.80,9,30.85,
,6243D,3.2,8.5,8.5,8.0,8.0,8.5,8.5,8.5,81.60,5,233.40,8,43.30,
,207B,3.6,7.5,8.0,7.0,7.5,7.5,7.5,7.5,81.00,=3,314.40,6,64.90,
,307C,3.3,7.5,7.5,7.5,7.5,7.5,8.0,7.5,74.25,=13,388.65,7,90.55,
,5255B,3.6,7.5,7.5,7.5,8.0,8.0,8.0,8.0,84.60,=5,473.25,6,92.35,
7,BONDAR Oleksandr,UKR,6245D,3.6,8.0,7.5,7.5,7.5,7.5,8.0,7.5,81.00,5,81.00,5,9.00,
,407C,3.2,8.5,8.5,8.5,8.5,8.5,9.0,8.5,81.60,7,162.60,6,20.05,
,107B,3.0,6.5,7.5,6.5,7.5,7.5,8.0,7.5,67.50,13,230.10,10,46.60,
,207C,3.3,7.5,8.0,7.5,7.5,8.0,8.0,7.5,75.90,=9,306.00,7,73.30,
,307C,3.3,9.0,8.5,8.5,8.5,8.5,8.5,8.5,84.15,=6,390.15,6,89.05,
,5255B,3.6,6.0,7.5,7.5,7.5,7.0,8.0,7.5,81.00,=7,471.15,7,94.45,
8,SANCHEZ German,MEX,207C,3.3,8.5,8.5,8.0,8.5,9.0,8.5,8.5,84.15,4,84.15,4,5.85,
,109C,3.7,6.5,8.0,7.5,7.5,7.5,8.0,7.5,83.25,5,167.40,3,15.25,
,626C,3.3,5.5,4.5,6.0,4.5,4.0,5.5,5.0,49.50,16,216.90,12,59.80,
,307C,3.3,8.5,8.0,8.0,8.0,8.0,8.0,8.0,79.20,=5,296.10,9,83.20,
,5156B,3.8,7.0,8.0,7.5,7.0,8.0,8.0,7.5,87.40,3,383.50,9,95.70,
,409C,4.1,5.5,5.5,5.5,6.0,6.0,7.0,6.0,71.75,13,455.25,8,110.35,
9,ESKILSSON Christofer,SWE,5253B,3.2,8.0,8.0,8.5,8.0,8.0,8.0,8.0,76.80,=8,76.80,=8,13.20,
,407C,3.2,8.5,7.5,8.0,8.0,8.0,7.5,8.0,76.80,=9,153.60,8,29.05,
,626C,3.3,7.5,8.0,8.0,8.0,8.0,8.0,8.0,79.20,=6,232.80,9,43.90,
,207C,3.3,6.5,7.5,7.0,7.0,7.0,7.5,7.0,69.30,14,302.10,8,77.20,
,307C,3.3,8.5,8.5,8.5,9.0,8.5,8.5,9.0,84.15,=6,386.25,8,92.95,
,109C,3.7,5.5,5.5,5.5,5.0,5.5,6.0,4.5,61.05,16,447.30,9,118.30,
10,WATERFIELD Peter,GBR,626C,3.3,7.0,7.0,7.5,7.0,7.0,7.0,7.0,69.30,16,69.30,16,20.70,
,407C,3.2,6.0,6.0,6.5,6.5,6.0,6.5,6.5,60.80,15,130.10,15,52.55,
,109C,3.7,7.0,6.5,7.5,7.0,7.5,6.5,6.5,75.85,11,205.95,13,70.75,
,207C,3.3,8.0,8.5,7.5,7.5,8.0,8.0,8.0,79.20,=5,285.15,13,94.15,
,307C,3.3,8.5,8.0,8.5,8.5,8.5,8.5,8.5,84.15,=6,369.30,10,109.90,
,5255B,3.6,7.5,6.5,7.5,7.0,6.5,7.0,7.0,75.60,=11,444.90,10,120.70,
11,WOLFRAM Martin,GER,6245D,3.6,8.0,9.0,8.0,8.0,8.5,8.5,8.5,90.00,1,90.00,1,6.25,
,407C,3.2,9.0,9.0,9.0,9.0,8.5,9.0,8.5,86.40,4,176.40,2,
,307C,3.3,8.0,7.0,7.0,7.5,7.5,7.0,7.0,70.95,12,247.35,3,29.35,
,207B,3.6,4.0,3.5,4.0,4.0,3.5,4.0,4.0,43.20,17,290.55,11,88.75,
,5255B,3.6,7.0,7.5,7.5,7.0,7.0,7.0,7.0,75.60,12,366.15,11,113.05,
,109C,3.7,7.5,7.0,7.5,6.5,6.5,6.5,7.0,75.85,10,442.00,11,123.60,
DVM002201_73E 1.0                                                                                                  Report created SAT 25 FEB 2012 11:46                                                                                                            Page 1 of 2,
Demi-finale,
Detailed Results,
R<8e>sultats d<8e>taill<8e>s,
Rank,Name,Ctry Code,Dive No.,DD,Judge's Score,Dive Points,Dive Rank,Total Points,Overall Rank,Points Behind,
,J1,J2,J3,J4,J5,J6,J7,
12,BRYAN NICKSON,MAS,6243D,3.2,7.5,7.5,8.0,7.5,7.5,7.5,7.0,72.00,=12,72.00,=12,18.00,
,Lomas,109C,3.7,7.5,7.0,7.5,7.5,7.0,7.0,7.0,79.55,8,151.55,10,31.10,
,5255B,3.6,8.0,8.0,8.0,7.5,7.5,7.5,7.5,82.80,4,234.35,7,42.35,
,409C,4.1,4.0,5.0,6.0,5.0,4.5,4.5,5.5,59.45,16,293.80,10,85.50,
,307C,3.3,5.5,4.5,6.0,4.5,4.5,5.0,5.0,47.85,17,341.65,14,137.55,
,207C,3.3,9.0,9.0,8.0,8.0,9.0,8.5,8.5,85.80,4,427.45,12,138.15,
13,MITCHAM Matthew,AUS,107B,3.0,8.0,9.0,8.5,8.0,8.5,8.5,9.0,76.50,10,76.50,10,13.50,
,6245D,3.6,4.5,4.0,4.0,4.0,4.5,4.5,3.5,45.00,16,121.50,16,61.15,
,207C,3.3,8.0,7.5,7.0,7.5,8.0,8.0,8.0,77.55,10,199.05,14,77.65,
,407C,3.2,8.5,8.5,8.0,8.0,8.0,8.0,8.5,78.40,7,277.45,14,101.85,
,307C,3.3,8.0,7.5,7.5,7.5,7.5,7.0,7.5,74.25,=13,351.70,12,127.50,
,5255B,3.6,6.5,5.0,5.0,5.5,6.0,6.5,6.0,63.00,15,414.70,13,150.90,
14,VILLA CASTANEDA,COL,5253B,3.2,8.0,8.0,8.0,8.0,8.0,8.0,8.0,76.80,=8,76.80,=8,13.20,
,Sebastian,107B,3.0,8.0,7.0,8.5,8.0,7.5,8.0,7.0,70.50,13,147.30,12,35.35,
,626C,3.3,3.5,4.5,3.0,4.5,4.0,4.0,4.5,41.25,17,188.55,16,88.15,
,407C,3.2,8.0,8.5,8.0,8.0,8.5,8.0,8.0,76.80,8,265.35,16,113.95,
,207C,3.3,8.0,8.5,7.5,8.0,8.0,8.0,8.0,79.20,10,344.55,13,134.65,
,307C,3.3,6.5,6.5,5.5,7.0,6.5,6.5,6.5,64.35,14,408.90,14,156.70,
15,PARISI Hugo,BRA,107B,3.0,6.0,6.5,6.5,7.0,7.0,6.5,7.0,60.00,18,60.00,18,30.00,
,407C,3.2,7.5,7.0,8.0,7.5,7.5,7.5,7.5,72.00,11,132.00,14,50.65,
,207C,3.3,6.5,5.5,6.5,6.0,6.0,6.5,6.5,62.70,15,194.70,15,82.00,
,6245D,3.6,6.5,6.5,6.0,7.0,7.0,7.0,7.5,73.80,13,268.50,15,110.80,
,307C,3.3,5.5,5.0,4.5,5.5,6.0,6.0,6.0,56.10,15,324.60,16,154.60,
,5255B,3.6,7.0,6.5,7.0,7.5,7.0,7.0,6.5,75.60,=11,400.20,15,165.40,
16,PACHECO Rommel,MEX,407C,3.2,9.0,8.5,8.0,8.5,8.0,8.0,8.5,80.00,=6,80.00,=6,10.00,
,109C,3.7,0.0,0.0,0.0,0.0,0.0,0.0,0.0,0.00,=17,80.00,17,102.65,
,6243D,3.2,7.0,6.5,7.0,7.0,7.0,7.5,7.0,67.20,14,147.20,17,129.50,
,207C,3.3,8.5,9.0,8.0,9.0,8.5,8.5,9.0,85.80,2,233.00,17,146.30,
,307C,3.3,9.5,8.5,8.5,8.5,8.5,8.5,8.5,84.15,=6,317.15,17,162.05,
,5255B,3.6,7.5,7.5,7.0,7.0,7.5,8.0,7.0,79.20,9,396.35,16,169.25,
17,KAPTUR Vadim,BLR,5253B,3.2,7.0,6.5,7.0,7.5,7.5,8.0,7.5,70.40,15,70.40,15,19.60,
,6142D,3.1,6.5,7.5,8.0,7.5,7.5,8.0,8.0,71.30,12,141.70,13,40.95,
,207C,3.3,8.0,9.0,8.0,7.5,8.0,8.0,8.0,79.20,=6,220.90,11,55.80,
,307C,3.3,6.5,7.0,7.0,7.0,6.5,6.0,7.0,67.65,15,288.55,12,90.75,
,407C,3.2,5.0,5.5,5.0,5.5,5.5,6.0,5.0,51.20,16,339.75,15,139.45,
,109C,3.7,4.0,4.0,4.5,5.5,4.5,5.5,4.5,49.95,17,389.70,17,175.90,
18,GUERRA Jose A.,CUB,107B,3.0,8.0,8.0,8.0,8.0,8.0,8.0,8.0,72.00,=12,72.00,=12,18.00,
,207B,3.6,72.00,18,110.65,
,407C,3.2,72.00,18,204.70,
,6243D,3.2,72.00,18,307.30,
,307C,3.3,72.00,18,407.20,
,5255B,3.6,72.00,18,493.60,
Note:
For more detail on the judges see Panel of Judges for this session.,
Legend:,
=
No.,Indicates the same rank by points Number,DD
No.,Degree of difficulty Number,Jn,Judge number n,
Withdrawal of GUERRA OLIVA Jose Antonio (CUB) due to shoulder injury after round 1,
DVM002201_73E 1.0                                                                                                  Report created SAT 25 FEB 2012 11:46                                                                                                            Page 2 of 2,
Finale,
Detailed Results,
R<8e>sultats d<8e>taill<8e>s,
Rank,Name,Ctry Code,Dive No.,DD,Judge's Score,Dive Points,Dive Rank,Total Points,Overall Rank,Points Behind,
,J1,J2,J3,J4,J5,J6,J7,
1,QIU Bo,CHN,407C,3.2,9.0,10,9.0,9.5,9.0,9.5,9.0,88.00,6,88.00,6,6.05,
,626B,3.5,9.0,8.0,8.5,9.5,9.0,9.0,9.0,94.50,1,182.50,1,
,307C,3.3,9.0,9.5,9.0,9.0,9.0,9.5,9.5,90.75,2,273.25,1,
,207B,3.6,10,10,10,9.5,10,10,10,108.00,1,381.25,1,
,109C,3.7,9.5,9.5,9.5,9.5,9.5,9.5,10,105.45,1,486.70,1,
,5255B,3.6,8.0,9.0,8.5,7.5,8.0,7.5,8.5,88.20,5,574.90,1,
2,MINIBAEV Victor,RUS,407C,3.2,9.5,9.5,9.0,9.5,9.0,9.5,9.5,91.20,=2,91.20,=2,2.85,
,109C,3.7,6.5,7.0,6.5,8.0,7.0,6.5,7.0,75.85,10,167.05,6,15.45,
,307C,3.3,7.5,8.0,8.0,7.5,7.0,8.0,8.0,77.55,5,244.60,4,28.65,
,6245D,3.6,9.0,8.5,9.0,9.0,9.0,9.0,9.0,97.20,3,341.80,=3,39.45,
,207B,3.6,8.5,8.0,8.5,8.5,8.5,8.5,8.5,91.80,=2,433.60,=2,53.10,
,5255B,3.6,8.0,8.5,8.5,7.5,8.0,8.5,8.5,90.00,4,523.60,2,51.30,
3,WATERFIELD Peter,GBR,626C,3.3,9.5,9.0,9.5,9.0,9.5,9.5,9.5,94.05,1,94.05,1,19.65,
,407C,3.2,6.5,8.0,8.0,7.0,7.5,7.0,7.0,68.80,12,162.85,8,
,109C,3.7,7.0,6.0,6.5,7.5,6.0,6.0,6.5,70.30,=10,233.15,9,40.10,
,207C,3.3,9.0,8.5,9.0,9.5,9.5,9.0,9.0,89.10,5,322.25,7,59.00,
,307C,3.3,9.0,9.0,9.0,9.5,9.0,9.0,9.0,89.10,4,411.35,7,75.35,
,5255B,3.6,9.5,8.5,9.0,9.5,9.5,9.0,9.0,99.00,1,510.35,3,64.55,
4,BOUDIA David,USA,6245D,3.6,7.0,7.5,7.0,7.5,7.5,7.5,7.5,81.00,10,81.00,10,13.05,
,407C,3.2,9.0,9.0,8.5,9.0,9.0,9.0,9.5,86.40,3,167.40,5,15.10,
,109C,3.7,8.5,9.0,8.5,8.5,9.0,9.0,9.0,98.05,1,265.45,2,7.80,
,307C,3.3,8.0,8.5,7.5,8.0,8.0,8.5,8.5,80.85,8,346.30,2,34.95,
,207B,3.6,7.5,6.5,6.0,6.5,7.5,6.5,7.5,73.80,11,420.10,5,66.60,
,5255B,3.6,7.5,8.0,7.0,7.0,7.5,7.5,7.5,81.00,7,501.10,4,73.80,
5,BONDAR Oleksandr,UKR,6245D,3.6,8.0,8.5,8.5,8.5,7.5,8.0,8.0,88.20,5,88.20,5,5.85,
,407C,3.2,7.5,8.0,8.0,8.0,6.5,8.0,8.5,76.80,9,165.00,7,17.50,
,107B,3.0,8.0,7.5,8.0,8.5,7.5,8.0,8.0,72.00,8,237.00,6,36.25,
,207C,3.3,9.5,9.0,9.5,9.0,9.0,9.5,9.5,92.40,4,329.40,6,51.85,
,307C,3.3,9.5,8.5,8.5,9.0,8.5,8.5,8.5,84.15,=6,413.55,6,73.15,
,5255B,3.6,9.0,7.5,8.0,9.0,8.0,8.0,7.5,86.40,6,499.95,5,74.95,
6,LIN Yue,CHN,407C,3.2,9.5,9.5,9.5,9.5,9.0,9.5,9.5,91.20,=2,91.20,=2,2.85,
,307C,3.3,7.5,8.5,7.5,8.0,8.0,8.0,8.5,79.20,6,170.40,3,12.10,
,207B,3.6,8.0,9.0,8.5,8.0,8.0,8.5,8.5,90.00,3,260.40,3,12.85,
,109C,3.7,6.5,7.5,6.0,8.0,7.0,7.5,7.5,81.40,7,341.80,=3,39.45,
,6245D,3.6,8.5,8.5,8.5,9.0,8.5,8.5,8.0,91.80,=2,433.60,=2,53.10,
,5255B,3.6,4.5,5.0,6.0,7.5,5.0,5.5,6.0,59.40,9,493.00,6,81.90,
7,HAUSDING Patrick,GER,107B,3.0,8.0,7.5,8.0,8.5,8.0,8.5,8.0,72.00,12,72.00,12,22.05,
,407C,3.2,8.0,8.5,8.5,7.5,8.0,8.5,8.0,78.40,=7,150.40,12,32.10,
,6243D,3.2,8.0,8.0,8.0,8.5,8.0,8.0,8.5,76.80,6,227.20,12,46.05,
,207B,3.6,7.5,8.0,7.0,6.5,7.0,7.0,7.0,75.60,9,302.80,9,78.45,
,307C,3.3,8.5,8.5,8.5,7.5,8.5,8.5,8.5,84.15,=6,386.95,9,99.75,
,5255B,3.6,9.5,9.0,9.0,9.0,8.5,8.5,8.5,95.40,2,482.35,7,92.55,
8,BRYAN NICKSON,MAS,6243D,3.2,8.0,9.0,8.5,8.5,8.5,8.0,8.5,81.60,=8,81.60,=8,12.45,
,Lomas,109C,3.7,6.5,7.0,6.0,7.5,6.5,6.5,7.0,74.00,11,155.60,10,26.90,
,5255B,3.6,7.0,8.0,7.5,7.0,7.5,7.5,8.0,81.00,4,236.60,7,36.65,
,409C,4.1,7.5,9.0,8.5,8.5,8.0,8.5,8.5,104.55,2,341.15,5,40.10,
,307C,3.3,8.5,8.0,8.5,8.0,8.5,8.5,8.5,84.15,=6,425.30,4,61.40,
,207C,3.3,3.5,4.0,3.5,3.5,4.5,4.0,3.0,36.30,12,461.60,8,113.30,
9,WOLFRAM Martin,GER,6245D,3.6,7.5,7.5,7.0,8.0,8.0,8.0,7.5,82.80,7,82.80,7,11.25,
,407C,3.2,8.5,9.5,8.5,8.5,9.0,9.0,9.0,84.80,4,167.60,4,14.90,
,307C,3.3,8.0,7.5,7.0,7.0,7.0,7.5,6.0,70.95,9,238.55,5,34.70,
,207B,3.6,4.5,4.0,4.5,5.0,5.0,4.0,4.5,48.60,11,287.15,11,94.10,
,5255B,3.6,7.5,7.0,7.0,7.0,7.0,6.5,7.0,75.60,9,362.75,11,123.95,
,109C,3.7,9.0,7.0,7.5,9.0,8.0,8.0,8.5,90.65,3,453.40,9,121.50,
10,SANCHEZ German,MEX,207C,3.3,9.0,9.5,9.0,9.0,9.0,9.0,8.5,89.10,4,89.10,4,4.95,
,109C,3.7,8.0,9.0,7.5,8.5,7.5,8.0,8.0,88.80,2,177.90,2,4.60,
,626C,3.3,5.5,5.5,5.5,6.5,6.0,6.0,6.0,57.75,12,235.65,8,37.60,
,307C,3.3,8.0,8.5,8.0,8.5,8.5,8.5,8.5,84.15,6,319.80,8,61.45,
,5156B,3.8,7.5,7.5,7.5,8.0,7.5,7.5,7.5,85.50,5,405.30,8,81.40,
,409C,4.1,3.5,3.5,3.0,2.0,4.0,3.5,3.5,43.05,11,448.35,10,126.55,
11,ESKILSSON Christofer,SWE,5253B,3.2,8.0,8.0,8.0,8.5,8.5,8.0,8.0,76.80,11,76.80,11,17.25,
,407C,3.2,8.0,8.5,8.0,8.5,8.0,8.0,8.5,78.40,=7,155.20,11,27.30,
,626C,3.3,7.5,6.5,7.5,7.5,8.0,8.0,7.0,74.25,7,229.45,11,43.80,
,207C,3.3,6.5,6.5,6.5,6.5,6.0,6.0,6.5,64.35,10,293.80,10,87.45,
,307C,3.3,7.5,7.5,7.5,6.5,7.0,7.5,7.5,74.25,10,368.05,10,118.65,
,109C,3.7,4.5,4.5,4.0,6.5,5.0,4.5,5.5,51.80,10,419.85,11,155.05,
DVM002101_73E 1.0                                                                                                  Report created SAT 25 FEB 2012 20:10                                                                                                            Page 1 of 2,
Finale,
Detailed Results,
R<8e>sultats d<8e>taill<8e>s,
Rank,Name,Ctry Code,Dive No.,DD,Judge's Score,Dive Points,Dive Rank,Total Points,Overall Rank,Points Behind,
,J1,J2,J3,J4,J5,J6,J7,
12,GALPERIN Gleb,RUS,407C
6243D
109C
207C
307C
5255B,3.2
3.2
3.7
3.3
3.3
3.6,8.5
8.5
7.0
3.5
8.0
7.0,8.0
8.5
5.5
3.5
7.5
7.5,8.5
9.0
6.5
3.5
7.5
7.5,8.5
8.0
6.0
4.0
7.0
7.0,8.5
8.0
6.0
3.5
7.0
7.5,9.0
9.0
6.5
3.0
7.5
7.0,9.0
8.0
6.5
3.0
6.5
7.0,81.60
80.00
70.30
34.65
72.60
77.40,=8
5
=10
12
12
8,81.60
161.60
231.90
266.55
339.15
416.55,=8
9
10
12
12
12,12.45
20.90
41.35
114.70
147.55
158.35,
Note:
For more detail on the judges see Panel of Judges for this session.,
Legend:,
=
No.,Indicates the same rank by points Number,DD
No.,Degree of difficulty Number,Jn,Judge number n,
DVM002101_73E 1.0                                                                                                  Report created SAT 25 FEB 2012 20:10                                                                                                            Page 2 of 2,
Haut-vol 10 m - hommes,
Results Summary,
Synth<8f>se des r<8e>sultats,
Rank,Name,Ctry Code,Preliminaries,Semifinals,Finals,
,Points,Rank,Points,Rank,Points,
1,QIU Bo,CHN,506.75,2,565.60,1,574.90,
2,MINIBAEV Victor,RUS,472.80,6,494.70,3,523.60,
3,WATERFIELD Peter,GBR,423.25,16,444.90,10,510.35,
4,BOUDIA David,USA,445.25,12,473.30,5,501.10,
5,BONDAR Oleksandr,UKR,466.05,9,471.15,7,499.95,
6,LIN Yue,CHN,519.80,1,508.55,2,493.00,
7,HAUSDING Patrick,GER,453.50,10,473.25,6,482.35,
8,BRYAN NICKSON Lomas,MAS,423.10,17,427.45,12,461.60,
9,WOLFRAM Martin,GER,466.40,8,442.00,11,453.40,
10,SANCHEZ German,MEX,489.60,5,455.25,8,448.35,
11,ESKILSSON Christofer,SWE,498.95,3,447.30,9,419.85,
12,GALPERIN Gleb,RUS,420.90,18,485.55,4,416.55,
13,MITCHAM Matthew,AUS,498.90,4,414.70,13,
14,VILLA CASTANEDA Sebastian,COL,439.20,13,408.90,14,
15,PARISI Hugo,BRA,431.40,14,400.20,15,
16,PACHECO Rommel,MEX,467.25,7,396.35,16,
17,KAPTUR Vadim,BLR,431.00,15,389.70,17,
18,GUERRA Jose A.,CUB,449.85,11,72.00,18,
19,DELL'UOMO Francesco,ITA,415.15,19,
20,ZAKHAROV Anton,UKR,412.70,20,
21,GISMERVICK Amund,NOR,407.85,21,
22,AGUIRRE Jeinkler,CUB,404.60,22,
23,HYON JU Ri,PRK,402.10,23,
24,McCORMICK Riley,CAN,401.35,24,
25,ORTEGA Victor,COL,394.65,25,
26,ZENG Tian Yi,HKG,391.20,26,
27,MURAKAMI Kazuki,JPN,381.95,27,
28,CHIARBINI Andrea,ITA,379.45,28,
29,SEHN Eric,CAN,377.40,29,
30,HORDEICHIK Timofei,BLR,373.45,30,
31,BRICK Max,GBR,368.20,31,
32,IL MYONG Hyon,PRK,366.55,32,
33,TZE LIANG Ooi,MAS,363.75,33,
34,PARK Jiho,KOR,363.05,34,
35,FINCHUM Thomas,USA,358.95,35,
36,ROJAS Walter,VEN,357.85,36,
37,DURAN Cassius,BRA,353.00,37,
38,OH Yitaek,KOR,330.00,38,
39,TZIFAS Michail Panagiotis,GRE,312.65,39,
40,LIRANZO Jesus,VEN,300.65,40,
41,TOLVERS Jesper,SWE,280.55,41,
42,CHINGSHUBAM Puskar Meitei,IND,269.15,42,
DVM002000_74 1.0                                                                                                     Report created SAT 25 FEB 2012 20:10                                                                                                            Page 1 of 1,
