Detailed Results,
R<8e>sultats d<8e>taill<8e>s,
Rank,Name,Ctry Code,Dive No.,DD,Judge's Score,Dive Points,Dive Rank,Total Points,Overall Rank,Points Behind,
,J1,J2,J3,J4,J5,J6,J7,
1,QIN Kai,CHN,205B,3.0,9.0,9.0,9.0,9.0,8.5,9.0,9.0,81.00,1,81.00,1,
,5154B,3.4,8.5,8.5,8.0,8.5,8.5,9.0,9.0,86.70,=1,167.70,1,
,307C,3.5,9.0,9.0,9.0,8.0,8.5,8.5,9.0,92.75,3,260.45,1,
,407C,3.4,8.5,8.5,7.5,7.5,8.0,7.5,7.0,78.20,10,338.65,1,
,109C,3.8,8.5,8.5,9.0,8.5,9.0,9.0,9.0,100.70,1,439.35,1,
,5353B,3.3,7.5,8.0,8.5,8.5,8.5,8.0,8.5,82.50,4,521.85,1,
2,HE Chong,CHN,205B,3.0,8.0,7.5,8.0,8.0,8.5,8.0,8.0,72.00,=11,72.00,=11,9.00,
,5154B,3.4,8.0,8.5,8.5,8.0,8.5,8.5,8.5,86.70,=1,158.70,2,9.00,
,307C,3.5,8.5,8.5,8.0,8.5,8.5,8.5,8.5,89.25,4,247.95,2,12.50,
,407C,3.4,8.5,8.0,8.0,8.0,8.0,8.0,8.5,81.60,=4,329.55,2,9.10,
,109C,3.8,6.5,7.0,7.0,7.5,7.5,7.5,7.5,83.60,3,413.15,2,26.20,
,5156B,3.9,8.0,8.0,7.5,7.5,7.0,7.0,8.0,89.70,2,502.85,2,19.00,
3,WARREN Ethan,AUS,205B,3.0,8.5,8.0,8.5,8.5,8.0,7.5,8.0,73.50,=7,73.50,=7,7.50,
,107B,3.1,8.0,8.0,7.5,7.5,7.5,8.0,7.5,71.30,18,144.80,11,22.90,
,109C,3.8,8.0,8.5,8.5,8.5,8.0,8.5,8.5,96.90,=1,241.70,4,18.75,
,407C,3.4,8.5,7.5,8.0,7.5,7.0,7.5,7.5,76.50,=13,318.20,4,20.45,
,307C,3.5,8.0,7.5,8.5,8.0,7.5,8.0,7.0,82.25,=4,400.45,3,38.90,
,5154B,3.4,7.5,7.5,7.5,7.0,7.0,7.0,7.5,74.80,=14,475.25,3,46.60,
4,KVASHA Illya,UKR,107B,3.1,8.5,8.5,8.5,8.0,8.5,8.0,8.5,79.05,3,79.05,3,1.95,
,407C,3.4,7.0,7.0,6.0,6.0,7.5,6.0,7.5,68.00,27,147.05,9,20.65,
,109C,3.8,8.0,8.5,8.5,9.0,8.5,8.5,8.5,96.90,=1,243.95,3,16.50,
,307C,3.5,7.5,7.5,8.0,8.0,6.5,7.5,7.0,78.75,=8,322.70,3,15.95,
,205B,3.0,6.5,7.5,7.5,7.0,7.5,7.0,7.0,64.50,=30,387.20,4,52.15,
,5154B,3.4,8.0,8.0,8.0,8.0,7.5,8.0,7.5,81.60,=5,468.80,4,53.05,
5,LAUGHER Jack,GBR,405B,3.0,8.5,8.0,8.5,8.5,8.0,9.0,8.5,76.50,4,76.50,4,4.50,
,5353B,3.3,6.5,7.0,6.5,6.0,7.0,7.0,7.5,67.65,28,144.15,12,23.55,
,205B,3.0,7.5,8.0,8.0,8.0,7.0,8.0,8.0,72.00,=12,216.15,9,44.30,
,307C,3.5,8.5,8.0,8.5,8.5,9.0,9.0,9.0,91.00,1,307.15,5,31.50,
,107B,3.1,8.0,8.0,7.5,7.5,8.5,8.0,8.5,74.40,11,381.55,5,57.80,
,5154B,3.4,7.5,8.0,7.5,7.5,7.5,8.0,7.5,76.50,=9,458.05,5,63.80,
6,ZAKHAROV Illya,RUS,407C,3.4,7.5,6.5,7.5,6.5,7.0,7.0,7.0,71.40,13,71.40,13,9.60,
,207C,3.5,6.0,6.0,6.0,6.0,6.0,6.0,6.0,63.00,=37,134.40,=26,33.30,
,307C,3.5,6.5,6.5,7.0,7.0,6.5,7.0,6.5,70.00,21,204.40,21,56.05,
,5154B,3.4,7.5,8.0,8.0,8.5,8.5,8.5,8.0,83.30,3,287.70,9,50.95,
,5156B,3.9,6.0,5.5,6.0,6.0,7.0,6.5,6.0,70.20,18,357.90,10,81.45,
,109C,3.8,8.0,8.5,8.5,9.0,9.0,8.5,9.0,98.80,1,456.70,6,65.15,
7,KLEIN Sascha,GER,107B,3.1,8.0,7.5,8.0,7.0,8.0,8.0,8.0,74.40,=5,74.40,=5,6.60,
,5353B,3.3,7.5,8.0,7.5,6.5,7.5,7.5,7.5,74.25,12,148.65,4,19.05,
,205B,3.0,8.0,7.0,8.0,8.5,8.0,8.0,8.0,72.00,=12,220.65,7,39.80,
,307C,3.5,8.0,8.0,8.0,8.0,8.0,8.0,8.0,84.00,2,304.65,6,34.00,
,407C,3.4,7.5,7.5,8.0,7.5,8.0,7.5,7.5,76.50,9,381.15,6,58.20,
,5253B,3.3,7.0,7.0,7.0,7.0,8.0,7.0,7.5,69.30,24,450.45,7,71.40,
8,DESPATIE Alexandre,CAN,205B,3.0,8.0,8.5,8.5,8.5,8.0,8.0,8.0,73.50,=7,73.50,=7,7.50,
,107B,3.1,8.5,8.0,8.0,7.5,8.0,8.5,8.0,74.40,=7,147.90,=6,19.80,
,5353B,3.3,8.5,7.5,8.0,7.5,8.0,7.5,8.0,77.55,7,225.45,5,35.00,
,307C,3.5,6.0,5.5,5.0,5.5,6.0,4.5,5.5,57.75,42,283.20,12,55.45,
,407C,3.4,8.0,8.5,8.5,8.5,8.5,8.5,8.0,86.70,2,369.90,8,69.45,
,5154B,3.4,7.5,7.5,7.5,7.5,7.5,7.0,7.5,76.50,=9,446.40,8,75.45,
9,COLWILL Chris,USA,205B,3.0,8.0,8.0,8.0,7.0,8.0,7.5,7.5,70.50,=14,70.50,=14,10.50,
,107B,3.1,8.0,7.5,8.0,7.5,8.0,7.5,8.0,72.85,=14,143.35,14,24.35,
,5154B,3.4,8.0,8.0,7.5,8.0,7.5,7.5,8.0,79.90,5,223.25,6,37.20,
,5337D,3.4,7.5,7.5,8.0,8.0,8.5,7.0,8.5,79.90,=6,303.15,7,35.50,
,407C,3.4,7.5,7.0,7.0,7.0,7.0,7.0,7.5,71.40,15,374.55,7,64.80,
,307C,3.5,6.5,6.5,6.5,7.5,7.0,7.0,6.5,70.00,23,444.55,9,77.30,
10,BENEDETTI Michele,ITA,405B,3.0,7.0,7.5,7.0,7.5,7.0,7.0,7.0,63.00,=34,63.00,=34,18.00,
,107B,3.1,8.0,7.5,7.5,8.0,8.0,8.5,8.0,74.40,=7,137.40,20,30.30,
,205B,3.0,8.0,8.0,8.0,8.0,8.5,7.0,8.0,72.00,=12,209.40,14,51.05,
,307C,3.5,6.0,6.5,6.5,5.5,6.5,6.0,6.5,66.50,28,275.90,21,62.75,
,5353B,3.3,7.0,8.0,8.0,8.0,8.0,8.0,7.5,79.20,6,355.10,13,84.25,
,5154B,3.4,7.0,7.5,8.0,7.5,8.0,8.0,8.0,79.90,7,435.00,10,86.85,
11,ROSS Reuben,CAN,205B,3.0,7.0,6.0,7.0,6.5,6.5,7.0,6.5,60.00,=42,60.00,=42,21.00,
,107B,3.1,8.0,8.0,7.5,8.0,7.5,8.0,8.0,74.40,=7,134.40,=26,33.30,
,307C,3.5,7.0,6.5,6.5,6.5,7.0,7.0,7.0,71.75,=16,206.15,19,54.30,
,5353B,3.3,7.0,7.5,7.5,7.5,6.5,6.5,7.5,72.60,16,278.75,16,59.90,
,407C,3.4,7.5,8.0,7.0,7.5,8.0,7.0,8.0,78.20,8,356.95,12,82.40,
,5253B,3.3,7.0,7.5,7.5,8.0,8.0,8.0,8.0,77.55,8,434.50,11,87.35,
DVM001901_73E 1.0                                                                                                  Report created TUE 21 FEB 2012 18:00                                                                                                            Page 1 of 6,
Detailed Results,
R<8e>sultats d<8e>taill<8e>s,
Rank,Name,Ctry Code,Dive No.,DD,Judge's Score,Dive Points,Dive Rank,Total Points,Overall Rank,Points Behind,
,J1,J2,J3,J4,J5,J6,J7,
12,SAKAI Sho,JPN,405B,3.0,7.5,7.5,6.5,7.5,7.0,7.5,7.5,67.50,=21,67.50,=21,13.50,
,107B,3.1,8.5,8.0,8.0,8.0,8.0,8.5,8.5,75.95,5,143.45,13,24.25,
,305B,3.0,7.0,6.5,7.5,6.5,7.0,7.5,7.0,63.00,=29,206.45,18,54.00,
,205B,3.0,7.5,8.0,7.5,8.0,8.0,8.0,8.0,72.00,17,278.45,17,60.20,
,307C,3.5,8.0,7.0,8.5,7.5,7.5,8.0,8.0,82.25,=4,360.70,9,78.65,
,5353B,3.3,7.0,7.0,7.5,7.5,7.0,7.5,6.5,70.95,22,431.65,12,90.20,
13,TERAUCHI Ken,JPN,205B,3.0,7.5,7.5,7.5,8.0,7.5,7.5,7.5,67.50,=21,67.50,=21,13.50,
,305B,3.0,8.0,8.0,7.0,7.0,7.5,7.5,7.5,67.50,29,135.00,24,32.70,
,405B,3.0,7.5,8.0,8.0,7.5,8.0,8.0,8.0,72.00,=12,207.00,17,53.45,
,5154B,3.4,6.5,7.0,7.0,7.0,7.0,7.5,7.0,71.40,=19,278.40,18,60.25,
,107B,3.1,8.5,8.5,8.0,8.0,8.5,9.0,8.5,79.05,7,357.45,11,81.90,
,5353B,3.3,7.5,7.5,7.5,6.5,7.0,7.5,7.0,72.60,19,430.05,13,91.80,
14,MEARS Christopher,GBR,205B,3.0,7.0,7.5,8.0,7.5,7.5,8.0,7.5,67.50,=21,67.50,=21,13.50,
,305B,3.0,6.5,7.0,6.5,7.0,6.5,7.0,7.5,61.50,=40,129.00,34,38.70,
,5353B,3.3,7.0,7.0,7.5,7.0,7.0,8.0,7.5,70.95,20,199.95,=25,60.50,
,5154B,3.4,6.5,7.5,7.5,7.0,7.5,7.5,7.5,76.50,=13,276.45,20,62.20,
,107B,3.1,8.0,8.0,7.5,7.5,7.5,8.0,7.5,71.30,16,347.75,=17,91.60,
,407C,3.4,8.0,8.0,8.5,8.0,8.0,8.5,8.0,81.60,=5,429.35,14,92.50,
15,CASTILLO Yahel,MEX,5154B,3.4,8.0,7.5,8.0,7.0,8.0,8.0,7.5,79.90,2,79.90,2,1.10,
,407C,3.4,7.5,7.0,8.0,8.0,7.5,7.5,8.5,78.20,=3,158.10,3,9.60,
,205B,3.0,6.0,7.5,6.0,6.5,6.0,6.0,6.0,54.00,=45,212.10,12,48.35,
,109C,3.8,6.0,7.0,6.5,6.0,7.0,7.0,7.0,77.90,11,290.00,8,48.65,
,307C,3.5,4.5,5.0,5.5,6.0,5.5,5.5,6.0,57.75,43,347.75,=17,91.60,
,5353B,3.3,7.5,8.0,8.0,8.0,7.5,7.5,7.5,75.90,12,423.65,15,98.20,
16,ROSSET Matthieu,FRA,405B,3.0,6.0,6.5,6.0,6.5,5.5,7.0,5.5,55.50,56,55.50,56,25.50,
,407C,3.4,7.0,6.0,6.5,6.0,6.5,6.5,6.5,66.30,=31,121.80,43,45.90,
,107B,3.1,7.5,8.0,7.5,8.0,8.0,8.0,8.0,74.40,11,196.20,28,64.25,
,307C,3.5,7.5,8.0,6.5,7.5,7.0,7.5,7.5,78.75,=8,274.95,23,63.70,
,205B,3.0,8.5,8.0,7.5,8.0,8.5,8.0,8.5,73.50,=12,348.45,15,90.90,
,5154B,3.4,7.5,7.5,7.5,7.0,7.5,7.0,7.0,74.80,=14,423.25,16,98.60,
17,FECK Stephan,GER,405B,3.0,7.5,7.0,7.5,7.5,7.0,7.5,8.0,67.50,=21,67.50,=21,13.50,
,107B,3.1,8.0,8.0,8.0,8.0,8.0,8.0,8.0,74.40,=7,141.90,15,25.80,
,5154B,3.4,7.0,8.0,7.5,7.5,7.5,8.0,7.5,76.50,=8,218.40,8,42.05,
,205B,3.0,7.5,7.0,7.0,7.5,7.5,7.0,7.0,64.50,30,282.90,13,55.75,
,307C,3.5,5.0,6.0,6.0,6.5,6.5,7.0,5.5,64.75,28,347.65,19,91.70,
,5353B,3.3,8.0,8.0,7.5,7.0,7.0,7.0,8.0,74.25,=17,421.90,17,99.95,
18,CASTRO Cesar,BRA,5152B,3.0,7.5,7.5,7.5,7.0,8.0,8.0,8.0,69.00,=17,69.00,=17,12.00,
,107B,3.1,7.5,7.5,7.5,7.0,7.5,8.0,8.0,69.75,=19,138.75,19,28.95,
,5154B,3.4,7.5,7.0,6.5,6.5,7.5,6.0,7.0,69.70,23,208.45,15,52.00,
,205B,3.0,8.0,7.0,6.5,7.5,7.5,7.0,7.5,66.00,29,274.45,24,64.20,
,405B,3.0,8.0,8.0,7.5,6.5,8.0,7.5,8.0,70.50,17,344.95,20,94.40,
,305B,3.0,8.0,7.5,8.0,8.0,8.5,8.0,8.5,72.00,20,416.95,18,104.90,
19,MEZENSKII Dmytro,UKR,107B,3.1,7.5,7.5,7.5,7.5,7.5,8.0,7.5,69.75,16,69.75,16,11.25,
,407C,3.4,7.5,7.0,8.0,8.0,7.5,7.5,8.0,78.20,=3,147.95,5,19.75,
,205B,3.0,7.0,6.5,7.0,6.5,7.0,7.0,7.5,63.00,=29,210.95,13,49.50,
,305B,3.0,7.5,8.0,7.5,7.5,8.0,8.0,8.0,70.50,22,281.45,14,57.20,
,405B,3.0,7.5,7.0,7.0,7.5,8.0,7.5,7.5,67.50,=22,348.95,14,90.40,
,5154B,3.4,7.0,6.5,6.5,6.5,6.5,6.0,5.5,66.30,=25,415.25,19,106.60,
20,KUZNETSOV Evgeny,RUS,407C,3.4,7.5,7.0,7.5,7.0,7.5,7.0,7.0,73.10,10,73.10,10,7.90,
,5154B,3.4,7.0,8.0,7.0,7.0,7.5,7.5,7.5,74.80,6,147.90,=6,19.80,
,5156B,3.9,3.0,4.5,4.0,3.5,2.5,3.0,3.0,37.05,54,184.95,39,75.50,
,207C,3.5,6.5,7.5,6.0,7.0,6.0,7.0,7.0,71.75,18,256.70,33,81.95,
,307C,3.5,6.5,7.0,7.0,6.5,7.5,6.5,7.5,71.75,14,328.45,25,110.90,
,109C,3.8,7.0,8.0,7.5,7.0,7.5,7.5,7.5,85.50,3,413.95,20,107.90,
21,PAPAROUNAS,GRE,205B,3.0,7.5,7.0,6.5,7.0,7.0,7.5,7.0,63.00,=34,63.00,=34,18.00,
,Stefanos,107B,3.1,7.5,8.0,7.5,8.0,7.5,8.0,8.0,72.85,=14,135.85,22,31.85,
,5154B,3.4,7.0,7.5,7.5,7.5,7.5,7.0,7.5,76.50,=8,212.35,11,48.10,
,407C,3.4,7.0,7.0,7.0,6.5,7.0,7.0,6.5,71.40,=19,283.75,11,54.90,
,307C,3.5,4.0,5.0,4.5,5.5,5.5,4.5,5.0,50.75,51,334.50,22,104.85,
,405B,3.0,8.5,8.0,7.5,8.5,8.5,8.0,8.5,75.00,13,409.50,21,112.35,
22,CELY Damien,FRA,405B,3.0,7.5,7.0,7.0,7.5,6.5,7.5,7.5,66.00,30,66.00,30,15.00,
,407C,3.4,7.5,7.0,7.0,7.5,7.0,7.0,7.5,73.10,13,139.10,18,28.60,
,107B,3.1,7.0,7.0,7.0,7.0,7.5,7.5,7.0,65.10,=26,204.20,22,56.25,
,5353B,3.3,7.5,7.0,7.5,7.5,7.0,7.0,7.0,70.95,21,275.15,22,63.50,
,307C,3.5,6.5,6.0,6.0,6.5,6.5,6.5,6.5,68.25,21,343.40,21,95.95,
,205B,3.0,7.0,6.5,7.0,7.0,6.5,7.5,7.0,63.00,=31,406.40,22,115.45,
DVM001901_73E 1.0                                                                                                  Report created TUE 21 FEB 2012 18:00                                                                                                            Page 2 of 6,
Detailed Results,
R<8e>sultats d<8e>taill<8e>s,
Rank,Name,Ctry Code,Dive No.,DD,Judge's Score,Dive Points,Dive Rank,Total Points,Overall Rank,Points Behind,
,J1,J2,J3,J4,J5,J6,J7,
23,ILLANA Javier,ESP,205B,3.0,7.0,6.5,7.0,6.5,6.5,7.0,6.5,60.00,=42,60.00,=42,21.00,
,107B,3.1,8.0,7.5,7.5,7.0,7.5,8.0,7.5,69.75,=19,129.75,=31,37.95,
,5337D,3.4,7.0,6.5,7.0,7.0,7.5,7.0,7.5,71.40,=18,201.15,23,59.30,
,307C,3.5,7.0,7.5,7.5,7.5,7.0,7.0,7.5,77.00,12,278.15,19,60.50,
,407C,3.4,6.5,7.0,7.5,6.0,7.0,7.0,6.5,69.70,19,347.85,16,91.50,
,5154B,3.4,4.5,5.5,5.0,6.0,5.5,5.5,5.5,56.10,42,403.95,23,117.90,
24,IPSEN Kristian,USA,205B,3.0,8.5,8.0,8.5,8.0,8.5,8.0,8.0,73.50,=7,73.50,=7,7.50,
,107B,3.1,8.0,8.0,8.0,8.0,8.0,8.5,8.5,74.40,=7,147.90,=6,19.80,
,407C,3.4,6.0,6.0,5.5,5.5,5.5,5.5,6.0,57.80,41,205.70,20,54.75,
,5154B,3.4,7.5,8.5,8.5,8.0,8.0,8.0,7.5,81.60,=4,287.30,10,51.35,
,307C,3.5,3.5,4.0,3.5,4.0,4.0,3.0,3.5,38.50,55,325.80,30,113.55,
,5337D,3.4,8.0,7.5,8.0,7.5,7.5,7.5,7.5,76.50,=9,402.30,24,119.55,
25,KEN NEE Yeoh,MAS,107B,3.1,8.5,8.0,8.0,8.0,8.0,8.0,8.0,74.40,=5,74.40,=5,6.60,
,5154B,3.4,7.0,7.0,7.5,6.5,7.0,7.5,7.0,71.40,=16,145.80,10,21.90,
,205B,3.0,7.0,7.0,6.5,6.5,7.0,6.5,7.0,61.50,33,207.30,16,53.15,
,407C,3.4,6.5,6.0,5.5,6.5,7.0,6.0,6.0,62.90,=32,270.20,25,68.45,
,305B,3.0,7.0,7.0,6.0,6.5,6.5,6.0,6.0,57.00,44,327.20,27,112.15,
,5353B,3.3,7.5,7.5,7.5,7.5,7.5,7.5,7.5,74.25,=17,401.45,25,120.40,
26,de BRUIJN Yorick,NED,405B,3.0,7.5,7.5,7.5,7.0,8.0,7.5,7.0,67.50,=21,67.50,=21,13.50,
,107B,3.1,7.5,7.0,7.5,7.5,7.0,7.5,7.5,69.75,=19,137.25,21,30.45,
,5337D,3.4,7.5,7.0,8.0,7.5,8.0,8.0,7.5,78.20,6,215.45,10,45.00,
,205B,3.0,5.5,5.0,5.5,5.5,5.5,5.0,5.5,49.50,46,264.95,26,73.70,
,305B,3.0,7.5,7.5,7.5,6.5,7.5,7.5,7.0,67.50,=22,332.45,23,106.90,
,5154B,3.4,6.0,6.5,6.5,7.0,6.5,6.5,6.0,66.30,=25,398.75,26,123.10,
27,TOLVERS Jesper,SWE,405B,3.0,7.0,7.0,7.0,7.0,7.0,7.0,7.0,63.00,=34,63.00,=34,18.00,
,107B,3.1,6.5,7.0,7.0,6.5,6.5,6.5,6.5,60.45,42,123.45,41,44.25,
,407C,3.4,7.5,7.5,7.5,7.5,7.0,7.0,7.5,76.50,=8,199.95,=25,60.50,
,205B,3.0,6.5,5.5,7.0,7.0,6.5,6.5,6.5,58.50,=39,258.45,31,80.20,
,307C,3.5,8.0,7.0,7.5,7.0,7.0,7.0,7.0,73.50,=12,331.95,24,107.40,
,5253B,3.3,7.0,5.5,6.0,6.5,7.0,6.5,6.5,64.35,29,396.30,27,125.55,
28,SANCHEZ Julian,MEX,205B,3.0,7.5,7.0,7.5,7.0,7.0,7.5,7.0,64.50,32,64.50,32,16.50,
,405B,3.0,7.0,7.0,7.0,7.5,7.5,7.5,7.5,66.00,33,130.50,=29,37.20,
,107B,3.1,7.0,7.5,7.5,7.5,7.5,7.0,7.5,69.75,22,200.25,24,60.20,
,407C,3.4,7.5,8.0,8.0,7.5,8.5,8.0,7.5,79.90,=6,280.15,15,58.50,
,307C,3.5,5.0,4.0,3.5,3.5,4.0,3.5,4.0,40.25,54,320.40,33,118.95,
,5154B,3.4,6.5,7.5,7.0,7.0,7.0,7.0,7.5,71.40,21,391.80,28,130.05,
29,MANOS Alexandros,GRE,205B,3.0,7.5,7.0,6.5,7.0,7.0,7.0,7.0,63.00,=34,63.00,=34,18.00,
,107B,3.1,7.5,7.0,7.0,6.5,7.0,7.5,7.5,66.65,30,129.65,33,38.05,
,5154B,3.4,6.0,6.5,6.0,6.5,6.0,6.0,5.5,61.20,35,190.85,34,69.60,
,305B,3.0,7.0,7.5,7.0,6.5,7.0,7.0,7.0,63.00,31,253.85,34,84.80,
,5353B,3.3,7.0,7.0,6.5,6.5,7.0,7.0,7.0,69.30,20,323.15,32,116.20,
,405B,3.0,7.0,7.5,7.5,7.0,7.0,7.5,7.5,66.00,27,389.15,29,132.70,
30,ALOISIO Andrea,SUI,107B,3.1,6.0,7.0,6.0,6.5,6.0,6.0,6.5,57.35,=53,57.35,=53,23.65,
,205B,3.0,6.0,6.0,6.0,7.0,6.0,6.5,6.0,54.00,=48,111.35,52,56.35,
,307C,3.5,6.5,7.0,7.0,7.0,6.5,7.0,6.0,71.75,=16,183.10,42,77.35,
,407C,3.4,7.5,7.0,7.5,8.0,6.5,7.5,7.5,76.50,=13,259.60,28,79.05,
,5154B,3.4,6.5,6.5,6.0,6.5,6.5,6.5,6.0,66.30,26,325.90,29,113.45,
,405B,3.0,6.0,6.0,7.0,6.5,6.5,6.5,6.0,57.00,41,382.90,30,138.95,
31,de MEIJER Ramon,NED,405B,3.0,7.0,7.0,6.5,7.0,7.0,7.0,7.0,63.00,=34,63.00,=34,18.00,
,5152B,3.0,7.0,7.0,7.0,7.0,6.5,7.0,7.0,63.00,=37,126.00,38,41.70,
,107B,3.1,7.0,6.5,7.0,7.0,6.5,7.0,7.0,65.10,=26,191.10,33,69.35,
,205B,3.0,7.5,8.0,7.5,7.0,8.0,7.0,7.5,67.50,=26,258.60,30,80.05,
,305B,3.0,6.5,6.5,6.0,7.0,6.5,6.5,6.0,58.50,=40,317.10,34,122.25,
,5154B,3.4,6.5,5.5,7.0,5.5,6.5,6.5,6.0,64.60,28,381.70,31,140.15,
32,SON Seongchel,KOR,405B,3.0,7.5,7.0,8.0,7.5,7.5,7.5,7.5,67.50,=21,67.50,=21,13.50,
,205B,3.0,7.0,7.0,7.0,7.0,7.0,7.0,7.5,63.00,=37,130.50,=29,37.20,
,305B,3.0,6.5,6.5,5.5,6.5,6.5,7.0,6.0,58.50,40,189.00,36,71.45,
,107B,3.1,7.5,7.5,7.5,7.5,8.0,7.0,7.5,69.75,23,258.75,29,79.90,
,5152B,3.0,7.5,7.5,7.5,7.5,8.0,7.5,7.5,67.50,=22,326.25,28,113.10,
,5154B,3.4,6.0,6.0,5.5,5.5,4.5,4.5,5.0,54.40,43,380.65,32,141.20,
33,NEL Grant,AUS,107B,3.1,7.5,7.0,7.0,7.5,7.0,7.5,7.5,68.20,20,68.20,20,12.80,
,5154B,3.4,7.0,7.5,7.5,7.0,7.0,7.0,7.0,71.40,=16,139.60,17,28.10,
,407C,3.4,5.0,5.0,5.5,5.5,5.5,5.5,5.5,56.10,43,195.70,29,64.75,
,205B,3.0,7.5,8.0,7.5,8.0,7.5,7.0,8.0,69.00,24,264.70,27,73.95,
,307C,3.5,6.0,6.5,6.0,6.0,6.0,6.0,6.0,63.00,=33,327.70,26,111.65,
,109C,3.8,4.0,3.5,5.0,5.0,4.0,5.0,4.0,49.40,49,377.10,33,144.75,
DVM001901_73E 1.0                                                                                                  Report created TUE 21 FEB 2012 18:00                                                                                                            Page 3 of 6,
Detailed Results,
R<8e>sultats d<8e>taill<8e>s,
Rank,Name,Ctry Code,Dive No.,DD,Judge's Score,Dive Points,Dive Rank,Total Points,Overall Rank,Points Behind,
,J1,J2,J3,J4,J5,J6,J7,
34,VALHEIM Eirik,NOR,107B,3.1,7.0,6.5,6.5,7.0,6.5,6.5,7.0,62.00,41,62.00,41,19.00,
,205B,3.0,6.5,6.5,6.0,6.5,6.0,6.5,6.5,58.50,43,120.50,45,47.20,
,305B,3.0,7.5,6.0,6.5,7.0,7.0,7.0,7.5,63.00,=29,183.50,41,76.95,
,405B,3.0,7.0,7.0,6.5,6.5,7.0,6.5,7.0,61.50,35,245.00,38,93.65,
,5152B,3.0,7.5,7.0,7.0,7.0,7.5,7.5,7.0,64.50,=30,309.50,37,129.85,
,5154B,3.4,6.0,6.5,6.0,6.5,6.0,6.5,5.5,62.90,=34,372.40,34,149.45,
35,CHANTURIA Chola,GEO,405B,3.0,6.5,7.0,6.0,6.5,6.5,6.5,7.0,58.50,=48,58.50,=48,22.50,
,5152B,3.0,7.5,7.0,7.0,6.5,7.0,7.5,7.5,64.50,36,123.00,42,44.70,
,107B,3.1,7.0,6.5,7.0,6.5,7.0,7.0,6.5,63.55,28,186.55,37,73.90,
,5154B,3.4,6.0,6.0,6.0,6.0,7.0,7.0,6.5,62.90,=32,249.45,36,89.20,
,305B,3.0,7.0,7.0,7.0,6.0,7.0,7.0,6.0,63.00,=33,312.45,35,126.90,
,205B,3.0,6.0,6.0,5.5,6.0,6.5,6.5,6.0,54.00,=44,366.45,35,155.40,
36,CHO Kwanhoon,KOR,107B,3.1,6.5,7.0,6.5,7.0,7.0,6.5,7.0,63.55,33,63.55,33,17.45,
,5154B,3.4,6.5,6.5,6.0,5.5,6.5,6.0,7.0,64.60,35,128.15,35,39.55,
,205B,3.0,7.5,7.5,8.5,7.5,8.5,7.5,7.5,67.50,24,195.65,30,64.80,
,305B,3.0,6.0,6.0,6.5,6.5,6.0,7.0,6.0,55.50,43,251.15,35,87.50,
,405B,3.0,7.0,7.0,6.5,6.5,7.0,6.5,6.5,60.00,38,311.15,36,128.20,
,5337D,3.4,4.5,5.5,6.5,4.0,5.5,3.0,5.5,52.70,47,363.85,36,158.00,
37,RINALDI Tommaso,ITA,405B,3.0,8.0,7.0,7.5,7.5,7.5,7.5,8.0,67.50,=21,67.50,=21,13.50,
,107B,3.1,6.0,6.5,6.5,6.0,6.0,6.5,6.0,57.35,44,124.85,39,42.85,
,205B,3.0,6.0,6.0,5.5,4.5,5.5,5.5,5.5,49.50,50,174.35,47,86.10,
,305B,3.0,7.0,5.5,6.0,6.5,7.0,6.5,7.0,60.00,37,234.35,43,104.30,
,5353B,3.3,7.0,7.0,6.5,6.0,6.5,6.5,7.0,66.00,27,300.35,39,139.00,
,5152B,3.0,7.0,7.0,7.0,7.0,6.5,7.0,7.0,63.00,=31,363.35,37,158.50,
38,VILLA CASTANEDA,COL,405B,3.0,8.0,7.5,8.0,7.0,8.0,8.5,8.5,72.00,=11,72.00,=11,9.00,
,Sebastian,107B,3.1,8.5,7.5,7.0,7.5,7.5,8.0,7.5,69.75,=19,141.75,16,25.95,
,307C,3.5,3.0,4.0,2.0,3.5,3.5,3.0,2.5,33.25,57,175.00,45,85.45,
,207C,3.5,4.0,3.0,4.0,4.0,4.0,3.5,4.0,42.00,50,217.00,46,121.65,
,5154B,3.4,6.0,7.0,6.5,5.5,6.0,6.5,6.5,64.60,29,281.60,45,157.75,
,407C,3.4,7.0,6.0,7.5,7.5,7.0,7.5,7.5,74.80,=14,356.40,38,165.45,
39,ARAYON Christian,COL,107B,3.1,7.0,7.0,7.5,7.5,7.0,7.0,7.5,66.65,29,66.65,29,14.35,
,307C,3.5,6.5,6.5,6.0,6.5,6.5,6.5,6.5,68.25,26,134.90,25,32.80,
,205B,3.0,6.0,5.5,6.0,5.5,5.5,6.5,5.5,51.00,49,185.90,38,74.55,
,5253B,3.3,6.0,6.0,6.5,6.5,5.5,6.0,6.0,59.40,38,245.30,37,93.35,
,405B,3.0,7.0,7.0,7.0,7.0,7.5,7.0,7.0,63.00,=33,308.30,38,131.05,
,407C,3.4,4.5,4.5,4.5,4.5,5.5,4.5,4.5,45.90,52,354.20,39,167.65,
40,PUPO Jorge Luis,CUB,107B,3.1,7.0,7.0,7.5,7.0,7.0,6.5,6.5,65.10,31,65.10,31,15.90,
,205B,3.0,8.0,7.5,7.5,8.5,6.5,8.0,7.5,69.00,25,134.10,28,33.60,
,307C,3.5,6.5,6.0,5.5,5.5,5.5,6.0,6.0,61.25,34,195.35,31,65.10,
,5353B,3.3,5.0,6.5,6.5,6.5,7.0,5.5,6.0,62.70,34,258.05,32,80.60,
,405B,3.0,8.0,7.5,7.5,7.5,7.5,8.0,7.5,67.50,=22,325.55,31,113.80,
,407C,3.4,2.5,2.0,2.5,2.0,2.0,1.5,2.5,22.10,59,347.65,40,174.20,
41,RZESZUTEK Andrzej,POL,405B,3.0,6.5,7.0,7.0,7.0,7.5,6.5,7.0,63.00,=34,63.00,=34,18.00,
,107B,3.1,7.0,7.0,7.0,7.0,7.0,6.5,7.0,65.10,34,128.10,36,39.60,
,407C,3.4,8.0,7.0,7.5,7.0,6.0,7.0,7.0,71.40,=18,199.50,27,60.95,
,307C,3.5,4.0,3.5,4.0,3.5,4.5,2.5,2.0,38.50,52,238.00,40,100.65,
,205B,3.0,6.5,6.5,6.0,6.5,7.0,6.0,7.0,58.50,=40,296.50,42,142.85,
,5337D,3.4,5.0,5.0,5.0,4.0,6.5,5.5,5.0,51.00,48,347.50,41,174.35,
42,VALHEIM Espen,NOR,107B,3.1,6.0,6.0,6.0,6.0,6.5,6.5,6.5,57.35,=53,57.35,=53,23.65,
,5154B,3.4,5.5,5.0,5.5,5.5,5.5,6.0,6.0,56.10,45,113.45,50,54.25,
,5353B,3.3,6.0,6.0,6.5,5.0,6.5,6.0,6.5,61.05,36,174.50,46,85.95,
,305B,3.0,5.5,5.0,5.0,4.5,5.5,5.5,5.0,46.50,48,221.00,45,117.65,
,205B,3.0,7.0,7.0,7.0,6.5,7.0,6.5,7.0,63.00,=33,284.00,44,155.35,
,405B,3.0,7.0,7.0,7.5,7.0,7.0,7.0,7.0,63.00,=31,347.00,42,174.85,
43,VAHTOLA Ville,FIN,405B,3.0,7.5,7.0,7.5,6.5,7.5,7.5,7.5,67.50,=21,67.50,=21,13.50,
,305B,3.0,5.0,5.5,5.0,4.5,5.5,5.5,5.5,48.00,53,115.50,=47,52.20,
,5353B,3.3,6.5,5.5,6.0,7.0,6.5,6.5,6.0,62.70,32,178.20,43,82.25,
,205B,3.0,7.0,6.5,7.0,6.5,6.5,6.0,6.5,58.50,=39,236.70,42,101.95,
,107B,3.1,6.5,6.5,6.5,6.5,6.5,6.5,6.5,60.45,37,297.15,40,142.20,
,5154B,3.4,4.5,4.0,4.5,5.0,4.5,5.5,5.0,47.60,51,344.75,43,177.10,
44,CONTRERAS,VEN,405B,3.0,6.5,7.0,6.5,7.0,6.5,6.5,7.0,60.00,=42,60.00,=42,21.00,
,Edickson,107B,3.1,7.5,7.0,7.5,7.0,7.5,8.0,7.5,69.75,=19,129.75,=31,37.95,
,5154B,3.4,6.0,6.0,6.0,6.0,5.0,5.5,5.5,59.50,39,189.25,35,71.20,
,205B,3.0,5.5,5.5,5.0,5.0,6.0,4.0,5.5,48.00,47,237.25,41,101.40,
,307C,3.5,5.5,5.5,5.5,5.5,6.0,6.5,6.5,59.50,39,296.75,41,142.60,
,5353B,3.3,4.0,4.0,4.0,4.0,4.5,4.5,4.0,39.60,55,336.35,44,185.50,
DVM001901_73E 1.0                                                                                                  Report created TUE 21 FEB 2012 18:00                                                                                                            Page 4 of 6,
Detailed Results,
R<8e>sultats d<8e>taill<8e>s,
Rank,Name,Ctry Code,Dive No.,DD,Judge's Score,Dive Points,Dive Rank,Total Points,Overall Rank,Points Behind,
,J1,J2,J3,J4,J5,J6,J7,
45,JORNFALK Jonathan,SWE,405B,3.0,8.0,8.0,7.0,7.5,8.0,8.0,7.0,70.50,=14,70.50,=14,10.50,
,205B,3.0,6.0,6.0,6.0,6.5,6.0,6.0,6.5,54.00,=48,124.50,40,43.20,
,107B,3.1,7.5,7.0,7.5,7.0,8.0,6.5,7.0,66.65,25,191.15,32,69.30,
,307C,3.5,1.0,1.0,1.0,1.0,1.5,1.0,1.5,10.50,=58,201.65,50,137.00,
,5154B,3.4,7.5,7.0,7.5,7.0,8.0,6.5,7.5,74.80,10,276.45,46,162.90,
,407C,3.4,5.5,6.0,5.5,5.0,6.0,6.0,6.0,59.50,37,335.95,45,185.90,
46,ZENG Tian Yi,HKG,405B,3.0,7.0,7.5,7.5,7.0,7.0,6.5,7.0,63.00,=34,63.00,=34,18.00,
,107B,3.1,4.0,4.5,4.5,4.5,4.5,4.0,4.5,41.85,56,104.85,55,62.85,
,205B,3.0,7.0,6.5,7.0,6.5,7.0,6.5,6.5,60.00,38,164.85,49,95.60,
,305B,3.0,4.5,4.0,4.0,3.5,4.5,4.5,4.5,39.00,51,203.85,49,134.80,
,5235D,2.8,7.5,8.0,8.0,8.0,7.5,7.0,7.5,64.40,32,268.25,47,171.10,
,5335D,2.9,5.0,6.5,7.0,6.5,7.0,7.0,6.5,58.00,40,326.25,46,195.60,
47,CARQUIN Diego,CHI,405B,3.0,6.5,6.5,6.0,6.5,6.5,6.5,7.0,58.50,=48,58.50,=48,22.50,
,5152B,3.0,6.5,6.5,6.0,6.0,6.0,6.5,6.0,55.50,47,114.00,49,53.70,
,107B,3.1,6.0,5.0,5.0,5.5,5.0,5.5,4.5,48.05,51,162.05,51,98.40,
,5154B,3.4,4.0,3.5,4.5,4.5,3.5,4.5,4.0,42.50,49,204.55,48,134.10,
,205B,3.0,6.5,6.5,6.5,6.0,6.5,6.5,6.0,58.50,=40,263.05,48,176.30,
,305B,3.0,6.5,6.5,7.0,6.5,6.5,7.0,6.5,58.50,=38,321.55,47,200.30,
48,STOUDMAN Quentin,SUI,205B,3.0,6.5,7.0,6.5,6.5,7.0,6.5,7.0,60.00,=42,60.00,=42,21.00,
,5152B,3.0,7.0,7.0,6.5,6.5,6.5,7.0,7.0,61.50,=40,121.50,44,46.20,
,107B,3.1,6.0,5.5,5.5,5.5,5.5,6.0,5.5,51.15,48,172.65,48,87.80,
,5335D,2.9,7.0,6.0,6.5,7.0,7.0,6.5,6.0,58.00,41,230.65,44,108.00,
,305B,3.0,5.5,6.0,5.5,6.0,6.0,6.0,6.0,54.00,=46,284.65,43,154.70,
,405B,3.0,3.5,4.0,4.0,4.0,4.5,4.0,4.5,36.00,57,320.65,48,201.20,
49,BLAHA Constantin,AUT,405B,3.0,8.0,7.5,7.5,8.0,7.5,7.5,8.0,69.00,=17,69.00,=17,12.00,
,5154B,3.4,7.0,6.5,6.5,6.5,7.0,6.5,6.5,66.30,=31,135.30,23,32.40,
,205B,3.0,4.5,4.5,5.5,4.5,4.5,4.0,4.5,40.50,53,175.80,44,84.65,
,307C,3.5,7.5,6.5,6.0,7.0,6.5,6.5,6.5,68.25,25,244.05,39,94.60,
,5353B,3.3,3.5,3.5,3.0,2.5,3.0,2.5,2.5,*8.25,59,252.30,51,187.05,
,107B,3.1,6.5,7.0,7.0,7.5,6.5,6.5,7.5,63.55,30,315.85,49,206.00,
50,VALI POUR Mojtaba,IRI,405B,3.0,6.5,6.5,6.0,6.5,6.0,6.5,6.5,58.50,=48,58.50,=48,22.50,
,407C,3.4,5.5,5.0,4.5,6.0,5.0,4.0,5.0,51.00,=51,109.50,=53,58.20,
,205B,3.0,6.0,6.5,5.5,6.0,6.0,6.5,6.0,54.00,=45,163.50,50,96.95,
,305B,3.0,4.0,4.5,4.0,5.0,4.0,4.0,5.0,37.50,54,201.00,51,137.65,
,107B,3.1,6.0,6.0,5.5,6.0,5.5,6.0,5.5,54.25,45,255.25,50,184.10,
,5152B,3.0,6.5,6.0,7.0,6.5,7.0,7.0,6.5,60.00,36,315.25,50,206.60,
51,PAEZ Robert,VEN,405B,3.0,6.5,6.5,6.0,6.0,6.5,6.0,6.5,57.00,55,57.00,55,24.00,
,107B,3.1,7.5,7.5,8.0,7.5,7.5,7.0,8.0,69.75,=19,126.75,37,40.95,
,205B,3.0,5.5,7.0,6.0,6.5,6.5,6.0,6.5,57.00,42,183.75,40,76.70,
,307C,3.5,1.5,0.5,1.0,1.5,0.5,0.5,2.0,10.50,=58,194.25,54,144.40,
,5353B,3.3,4.5,5.5,5.0,6.5,5.5,4.5,6.0,52.80,48,247.05,53,192.30,
,5154B,3.4,6.0,6.5,6.5,6.5,6.0,6.0,6.0,62.90,=34,309.95,51,211.90,
52,BARKAUSKAS Ignas,LTU,405B,3.0,7.0,7.0,7.5,8.0,7.5,8.0,8.0,69.00,=17,69.00,=17,12.00,
,107B,3.1,4.5,5.0,4.5,5.0,5.5,5.0,5.5,46.50,54,115.50,=47,52.20,
,205C,2.8,4.0,4.0,3.5,3.5,3.5,3.0,3.5,29.40,59,144.90,55,115.55,
,5152B,3.0,7.5,7.5,7.5,7.0,7.5,7.5,7.0,67.50,=26,212.40,47,126.25,
,5154B,3.4,4.5,5.5,4.5,6.0,5.0,4.5,4.5,47.60,53,260.00,49,179.35,
,305C,2.8,4.5,4.5,5.0,5.0,5.5,5.0,5.0,42.00,=53,302.00,52,219.85,
53,BRANDL Fabian,AUT,405B,3.0,6.5,6.5,6.5,6.5,6.5,6.5,7.0,58.50,=48,58.50,=48,22.50,
,5152B,3.0,6.5,6.0,6.0,5.5,6.0,6.0,7.0,54.00,=48,112.50,51,55.20,
,107B,3.1,4.5,4.5,4.0,4.5,4.5,4.5,3.5,41.85,52,154.35,53,106.10,
,5154B,3.4,3.0,3.0,3.0,2.5,4.5,2.5,2.5,28.90,57,183.25,58,155.40,
,205B,3.0,5.5,5.5,5.5,6.0,5.5,6.0,6.0,51.00,50,234.25,56,205.10,
,305B,3.0,7.0,6.0,6.5,6.5,7.0,6.5,6.5,58.50,=38,292.75,53,229.10,
54,NEGLIA Donato,CHI,5152B,3.0,6.5,6.5,6.5,6.0,6.5,6.5,6.0,58.50,=48,58.50,=48,22.50,
,5154B,3.4,5.5,4.5,5.0,5.0,5.0,5.0,5.0,51.00,=51,109.50,=53,58.20,
,107B,3.1,4.0,3.5,4.0,4.0,3.5,3.0,3.5,34.10,56,143.60,56,116.85,
,407C,3.4,5.0,6.0,5.0,5.0,5.0,5.5,5.0,51.00,=44,194.60,53,144.05,
,205B,3.0,6.0,5.5,6.5,5.5,6.0,6.0,6.0,54.00,=46,248.60,52,190.75,
,307C,3.5,3.5,3.5,3.5,3.0,4.5,3.5,2.0,36.75,56,285.35,54,236.50,
55,KORAKHASHVILI,GEO,5152B,3.0,5.0,5.0,4.5,4.5,5.0,5.0,5.0,45.00,59,45.00,59,36.00,
,Shota,405B,3.0,4.0,5.5,4.5,5.0,4.5,4.5,4.5,40.50,57,85.50,58,82.20,
,107B,3.1,5.5,6.0,5.5,6.0,6.0,7.0,5.5,54.25,44,139.75,58,120.70,
,5154B,3.4,6.0,6.5,6.0,5.5,7.0,6.0,6.0,61.20,36,200.95,52,137.70,
,205B,3.0,5.0,3.5,3.0,4.0,4.0,2.5,4.5,34.50,=56,235.45,54,203.90,
,305B,3.0,5.5,6.0,4.5,4.5,5.0,5.5,5.5,48.00,50,283.45,55,238.40,
DVM001901_73E 1.0                                                                                                  Report created TUE 21 FEB 2012 18:00                                                                                                            Page 5 of 6,
Detailed Results,
R<8e>sultats d<8e>taill<8e>s,
Rank,Name,Ctry Code,Dive No.,DD,Judge's Score,Dive Points,Dive Rank,Total Points,Overall Rank,Points Behind,
,J1,J2,J3,J4,J5,J6,J7,
56,SHARMA Ramananda,IND,107B,3.1,6.0,6.5,6.5,6.5,6.0,6.0,6.5,58.90,47,58.90,47,22.10,
,205B,3.0,3.0,3.0,3.5,3.5,4.0,3.0,3.0,28.50,58,87.40,57,80.30,
,405B,3.0,6.0,6.5,6.0,5.5,6.0,5.5,6.5,54.00,=45,141.40,57,119.05,
,407C,3.4,4.0,5.0,5.0,5.0,5.5,4.5,5.0,51.00,=44,192.40,55,146.25,
,305B,3.0,4.0,4.5,3.5,3.5,4.0,4.0,3.5,34.50,=56,226.90,57,212.45,
,5152B,3.0,5.5,6.0,6.5,6.5,6.0,6.0,6.0,54.00,=44,280.90,56,240.95,
57,BAZIUK Sergej,LTU,405B,3.0,6.0,7.0,6.0,7.0,6.5,6.5,7.0,60.00,=42,60.00,=42,21.00,
,107C,2.8,6.5,7.0,6.5,7.5,7.0,6.5,6.5,56.00,46,116.00,46,51.70,
,205B,3.0,3.5,3.5,3.5,3.5,3.0,3.5,2.5,31.50,58,147.50,54,112.95,
,305C,2.8,4.5,5.0,4.5,4.0,4.5,4.5,4.0,37.80,53,185.30,57,153.35,
,5235D,2.8,5.5,6.5,6.0,5.5,6.0,6.0,5.0,49.00,52,234.30,55,205.05,
,5136D,3.0,5.5,4.5,4.5,5.0,5.0,4.5,4.0,42.00,=53,276.30,57,245.55,
58,OSPAN Ali,KAZ,405B,3.0,5.5,6.0,5.0,5.5,5.0,6.0,6.0,51.00,58,51.00,58,30.00,
,5152B,3.0,5.0,5.0,5.0,4.5,5.0,4.5,5.0,45.00,55,96.00,56,71.70,
,107C,2.8,7.0,7.5,7.5,7.0,7.0,7.5,7.0,60.20,37,156.20,52,104.25,
,205B,3.0,4.0,3.0,4.0,4.5,3.5,3.5,3.5,33.00,55,189.20,56,149.45,
,305B,3.0,3.0,3.0,2.5,3.5,3.0,3.0,2.5,27.00,58,216.20,58,223.15,
,5136D,3.0,6.5,6.0,6.0,5.5,5.0,6.0,6.0,54.00,=44,270.20,58,251.65,
59,SOROKIN Dmitriy,AZE,107B,3.1,6.5,5.5,5.5,6.0,5.5,6.0,6.0,54.25,57,54.25,57,26.75,
,407C,3.4,2.0,2.0,2.0,2.0,3.0,2.0,2.0,20.40,59,74.65,59,93.05,
,205B,3.0,4.0,4.0,4.0,4.0,4.5,4.5,4.0,36.00,55,110.65,59,149.80,
,305B,3.0,3.0,3.5,4.0,3.5,3.0,4.5,3.5,31.50,56,142.15,59,196.50,
,5152B,3.0,5.5,6.0,5.5,5.5,6.0,6.0,6.0,52.50,49,194.65,59,244.70,
,5253B,3.3,2.5,4.0,3.5,3.0,3.0,3.5,2.5,31.35,58,226.00,59,295.85,
Note:
For more detail on the judges see Panel of Judges for this session.,
Legend:,
*,Penalty of 2.0 point deduction due to restart,=,Indicates the same rank by points,DD,Degree of difficulty,
Jn,Judge number n,No.,Number,No.,Number,
DVM001901_73E 1.0                                                                                                  Report created TUE 21 FEB 2012 18:00                                                                                                            Page 6 of 6,
Demi-finale,
Detailed Results,
R<8e>sultats d<8e>taill<8e>s,
Rank,Name,Ctry Code,Dive No.,DD,Judge's Score,Dive Points,Dive Rank,Total Points,Overall Rank,Points Behind,
,J1,J2,J3,J4,J5,J6,J7,
1,HE Chong,CHN,205B,3.0,8.0,8.0,8.0,8.0,7.5,8.0,7.5,72.00,=10,72.00,=10,9.60,
,5154B,3.4,8.0,8.0,8.5,9.0,8.0,8.5,8.5,85.00,3,157.00,4,21.50,
,307C,3.5,8.5,8.5,8.0,8.5,8.5,8.5,8.5,89.25,2,246.25,3,11.45,
,407C,3.4,8.5,8.5,8.5,8.0,8.5,8.5,8.5,86.70,=1,332.95,1,
,109C,3.8,8.0,8.0,8.5,8.0,8.0,8.0,8.0,91.20,2,424.15,1,
,5156B,3.9,8.5,8.0,8.5,8.5,8.5,8.5,8.5,99.45,1,523.60,1,
2,QIN Kai,CHN,205B,3.0,9.0,9.0,9.0,9.0,8.5,8.5,9.0,81.00,4,81.00,4,0.60,
,5154B,3.4,8.5,9.0,8.5,9.0,9.0,8.5,9.0,90.10,2,171.10,2,7.40,
,307C,3.5,8.0,7.5,7.5,8.0,7.5,7.0,7.5,78.75,=7,249.85,2,7.85,
,407C,3.4,7.0,7.0,7.5,6.5,7.5,6.0,6.5,69.70,14,319.55,3,13.40,
,109C,3.8,9.0,8.5,8.5,9.0,8.5,9.0,9.0,100.70,1,420.25,2,3.90,
,5353B,3.3,8.0,7.5,8.0,7.5,8.0,8.0,8.0,79.20,=8,499.45,2,24.15,
3,ZAKHAROV Illya,RUS,407C,3.4,7.5,8.5,8.0,8.0,8.0,8.0,8.5,81.60,=1,81.60,=1,28.65,
,207C,3.5,6.5,6.5,7.0,6.0,6.5,6.5,6.5,68.25,16,149.85,8,
,307C,3.5,8.0,8.5,8.0,8.5,8.5,8.5,8.0,87.50,3,237.35,5,20.35,
,5154B,3.4,8.0,8.5,8.0,8.0,8.0,8.0,8.0,81.60,=6,318.95,=4,14.00,
,5156B,3.9,7.5,7.5,8.0,7.5,7.5,7.5,7.0,87.75,3,406.70,3,17.45,
,109C,3.8,8.0,8.0,7.0,8.0,8.0,7.5,8.0,91.20,2,497.90,3,25.70,
4,COLWILL Chris,USA,205B,3.0,8.0,7.5,8.0,8.5,8.5,8.0,8.5,73.50,=8,73.50,=8,8.10,
,107B,3.1,8.0,8.5,8.0,8.0,8.0,8.0,8.0,74.40,=10,147.90,11,30.60,
,5154B,3.4,8.0,8.0,8.0,8.0,8.0,8.0,8.0,81.60,5,229.50,7,28.20,
,5337D,3.4,8.0,7.5,8.0,8.0,8.0,8.0,8.0,81.60,=6,311.10,7,21.85,
,407C,3.4,8.0,7.0,8.0,7.5,7.5,7.0,7.0,74.80,9,385.90,7,38.25,
,307C,3.5,8.5,8.5,8.0,8.0,8.5,8.0,8.0,85.75,3,471.65,4,51.95,
5,KVASHA Illya,UKR,407C,3.4,8.0,8.0,8.0,8.0,7.5,8.0,8.0,81.60,=1,81.60,=1,14.00,
,109C,3.8,8.5,9.0,8.5,8.5,8.5,8.5,8.5,96.90,1,178.50,1,
,5353B,3.3,8.0,8.0,8.0,8.0,8.0,8.5,8.5,79.20,6,257.70,1,
,307C,3.5,6.0,6.0,5.5,6.0,6.0,5.5,5.5,61.25,16,318.95,=4,
,205B,3.0,7.5,7.5,7.5,6.5,7.0,7.5,7.5,67.50,13,386.45,5,37.70,
,5154B,3.4,8.0,8.0,8.0,8.0,8.0,8.0,8.0,81.60,=4,468.05,5,55.55,
6,LAUGHER Jack,GBR,405B,3.0,8.0,8.5,8.5,8.0,8.0,7.5,8.5,73.50,=8,73.50,=8,8.10,
,5353B,3.3,8.0,8.0,8.0,8.0,8.0,8.0,8.0,79.20,5,152.70,6,25.80,
,205B,3.0,8.0,8.5,8.0,8.0,8.5,8.0,8.0,72.00,=12,224.70,10,33.00,
,307C,3.5,8.0,7.5,7.5,7.5,8.0,8.0,8.5,82.25,5,306.95,8,26.00,
,107B,3.1,8.5,8.5,8.5,8.5,8.5,8.0,8.5,79.05,6,386.00,6,38.15,
,5154B,3.4,7.5,8.0,8.0,7.5,8.0,8.0,8.0,81.60,=4,467.60,6,56.00,
7,DESPATIE Alexandre,CAN,205B,3.0,8.5,8.5,8.0,8.5,7.5,7.5,8.5,75.00,6,75.00,6,6.60,
,107B,3.1,9.0,9.0,9.0,8.5,8.5,8.5,8.5,80.60,4,155.60,5,22.90,
,5353B,3.3,9.0,8.5,9.0,9.0,9.0,8.5,8.5,87.45,4,243.05,4,14.65,
,307C,3.5,7.5,7.0,7.5,7.5,8.0,8.0,7.5,78.75,9,321.80,2,11.15,
,407C,3.4,6.5,6.5,6.5,6.5,6.5,6.5,6.5,66.30,14,388.10,4,36.05,
,5154B,3.4,8.0,7.5,8.0,7.0,8.0,7.5,7.0,78.20,10,466.30,7,57.30,
8,BENEDETTI Michele,ITA,107B,3.1,8.5,8.5,8.0,8.5,8.0,8.5,8.0,77.50,5,77.50,5,4.10,
,407C,3.4,6.0,6.5,6.5,6.5,6.5,7.0,7.0,66.30,18,143.80,14,34.70,
,205B,3.0,8.0,7.5,8.0,7.0,8.0,9.0,7.5,70.50,15,214.30,14,43.40,
,307C,3.5,8.0,8.0,8.0,8.0,8.5,8.5,7.5,84.00,=3,298.30,12,34.65,
,5353B,3.3,8.0,8.0,8.0,8.0,8.0,8.5,8.0,79.20,5,377.50,8,46.65,
,5154B,3.4,8.0,8.5,8.0,8.0,8.0,8.0,7.5,81.60,=4,459.10,8,64.50,
9,SAKAI Sho,JPN,405B,3.0,8.0,7.5,8.0,8.0,8.0,7.5,8.0,72.00,=10,72.00,=10,9.60,
,107B,3.1,8.5,8.5,8.5,8.5,8.5,8.0,8.0,79.05,6,151.05,7,27.45,
,305B,3.0,9.0,8.5,8.0,8.5,8.5,8.5,8.5,76.50,9,227.55,8,30.15,
,205B,3.0,8.0,8.0,8.0,8.0,8.5,8.0,8.0,72.00,13,299.55,11,33.40,
,307C,3.5,7.0,7.0,7.0,7.0,7.5,7.5,7.5,75.25,8,374.80,9,49.35,
,5353B,3.3,8.0,7.0,7.5,8.0,8.0,8.0,6.5,77.55,11,452.35,9,71.25,
10,ROSS Reuben,CAN,205B,3.0,8.0,7.5,8.0,8.0,7.5,8.0,8.0,72.00,=10,72.00,=10,9.60,
,107B,3.1,8.0,7.5,8.0,7.5,8.0,8.0,8.0,74.40,=10,146.40,=12,32.10,
,307C,3.5,8.0,7.5,8.0,7.5,7.0,7.5,7.5,78.75,=7,225.15,9,32.55,
,5353B,3.3,8.0,7.5,8.0,7.5,7.5,8.0,7.5,75.90,11,301.05,9,31.90,
,407C,3.4,7.0,7.5,7.0,7.0,7.5,7.0,7.5,73.10,11,374.15,10,50.00,
,5253B,3.3,7.5,6.5,7.5,7.5,7.0,8.0,7.0,72.60,=15,446.75,10,76.85,
11,TERAUCHI Ken,JPN,205B,3.0,8.0,8.0,7.5,7.5,7.5,7.5,7.0,67.50,=16,67.50,=16,14.10,
,305B,3.0,7.5,7.5,8.0,7.5,7.5,8.0,7.5,67.50,17,135.00,18,43.50,
,405B,3.0,8.0,8.0,8.0,8.0,8.0,8.0,8.0,72.00,=12,207.00,17,50.70,
,5154B,3.4,8.0,8.0,8.5,8.0,8.5,8.0,8.0,81.60,=6,288.60,14,44.35,
,107B,3.1,9.0,9.0,9.0,9.0,8.5,8.5,9.0,83.70,4,372.30,11,51.85,
,5353B,3.3,7.5,7.0,8.0,7.5,7.0,7.5,7.0,72.60,=15,444.90,11,78.70,
DVM001201_73E 1.0                                                                                                  Report created WED 22 FEB 2012 11:26                                                                                                           Page 1 of 2,
Demi-finale,
Detailed Results,
R<8e>sultats d<8e>taill<8e>s,
Rank,Name,Ctry Code,Dive No.,DD,Judge's Score,Dive Points,Dive Rank,Total Points,Overall Rank,Points Behind,
,J1,J2,J3,J4,J5,J6,J7,
12,WARREN Ethan,AUS,205B,3.0,7.5,8.0,8.0,7.5,7.5,8.0,7.5,69.00,15,69.00,15,12.60,
,107B,3.1,7.5,7.5,8.0,7.5,8.0,7.5,8.0,71.30,15,140.30,17,38.20,
,109C,3.8,8.0,7.5,8.0,8.0,8.0,8.0,8.5,91.20,1,231.50,6,26.20,
,407C,3.4,8.0,8.5,8.0,8.5,9.0,8.5,9.0,86.70,=1,318.20,6,14.75,
,307C,3.5,4.0,4.0,4.0,4.0,4.0,4.0,4.5,42.00,18,360.20,13,63.95,
,5154B,3.4,8.0,8.0,8.0,8.0,8.0,8.0,8.0,81.60,=4,441.80,12,81.80,
13,CASTILLO Yahel,MEX,5154B,3.4,8.0,7.5,8.0,7.5,8.0,8.0,8.0,81.60,=1,81.60,=1,20.40,
,407C,3.4,8.0,7.5,7.5,7.5,7.5,8.0,7.5,76.50,=7,158.10,3,
,205B,3.0,7.5,7.0,7.5,7.0,7.5,8.0,7.0,66.00,16,224.10,11,33.60,
,109C,3.8,6.5,6.0,7.0,6.0,7.0,7.5,6.5,76.00,10,300.10,10,32.85,
,307C,3.5,5.0,4.5,5.5,5.0,5.5,5.5,5.0,54.25,15,354.35,14,69.80,
,5353B,3.3,8.5,7.5,8.0,8.0,8.0,8.0,8.0,79.20,=8,433.55,13,90.05,
14,CASTRO Cesar,BRA,5152B,3.0,8.0,8.0,8.0,8.0,8.0,8.0,8.0,72.00,=10,72.00,=10,9.60,
,107B,3.1,8.0,8.0,8.0,8.0,8.0,8.0,8.0,74.40,=10,146.40,=12,32.10,
,5154B,3.4,7.5,6.5,7.0,7.5,7.5,7.5,7.0,74.80,10,221.20,12,36.50,
,205B,3.0,7.5,7.0,7.5,7.0,7.5,8.0,7.5,67.50,15,288.70,13,44.25,
,405B,3.0,8.0,8.0,8.0,8.0,8.0,8.0,8.0,72.00,12,360.70,12,63.45,
,305B,3.0,8.0,7.5,8.0,8.0,7.5,8.5,7.5,70.50,17,431.20,14,92.40,
15,FECK Stephan,GER,405B,3.0,7.0,7.5,7.0,7.5,7.5,7.5,7.5,67.50,=16,67.50,=16,14.10,
,107B,3.1,8.0,7.5,8.5,8.0,7.5,8.0,7.0,72.85,14,140.35,16,38.15,
,5154B,3.4,7.0,6.5,7.0,7.0,7.0,7.5,7.5,71.40,14,211.75,15,45.95,
,205B,3.0,7.0,6.5,7.0,6.5,6.5,6.5,6.0,58.50,17,270.25,17,62.70,
,307C,3.5,7.5,7.5,7.0,7.5,7.5,7.5,7.5,78.75,7,349.00,15,75.15,
,5353B,3.3,7.5,7.5,7.5,7.5,7.5,7.0,7.5,74.25,14,423.25,15,100.35,
16,MEARS Christopher,GBR,205B,3.0,7.5,7.5,7.5,7.5,7.0,7.0,7.0,66.00,18,66.00,18,15.60,
,305B,3.0,8.5,8.5,8.5,8.5,8.5,9.0,8.5,76.50,=7,142.50,15,36.00,
,5353B,3.3,7.5,7.0,8.0,7.5,7.5,7.5,7.0,74.25,11,216.75,13,40.95,
,5154B,3.4,4.5,4.5,4.5,4.5,4.0,5.5,4.5,45.90,18,262.65,18,70.30,
,107B,3.1,8.0,7.5,8.0,7.5,8.0,8.0,8.0,74.40,10,337.05,16,87.10,
,407C,3.4,7.5,7.5,7.5,7.5,7.5,7.5,7.5,76.50,12,413.55,16,110.05,
17,KLEIN Sascha,GER,107B,3.1,8.0,8.5,8.0,8.5,8.0,8.0,8.0,74.40,7,74.40,7,7.20,
,5353B,3.3,7.5,7.0,8.0,7.5,7.5,8.0,7.5,74.25,13,148.65,9,29.85,
,205B,3.0,7.5,7.5,7.0,7.0,7.0,7.0,7.0,63.00,17,211.65,16,46.05,
,307C,3.5,7.0,6.5,7.0,7.5,7.0,8.0,7.5,75.25,12,286.90,15,46.05,
,407C,3.4,4.0,5.5,4.5,5.0,4.5,4.5,5.5,47.60,16,334.50,17,89.65,
,5253B,3.3,7.5,7.5,7.5,8.0,7.5,8.0,8.0,75.90,13,410.40,17,113.20,
18,ROSSET Matthieu,FRA,405B,3.0,8.0,8.0,7.5,8.0,7.5,8.0,8.0,72.00,=10,72.00,=10,9.60,
,407C,3.4,7.0,7.5,8.0,7.5,7.0,7.5,7.5,76.50,=7,148.50,10,30.00,
,107B,3.1,5.5,5.5,6.0,5.0,6.0,6.5,5.5,52.70,18,201.20,18,56.50,
,307C,3.5,8.0,8.0,8.0,8.0,8.0,8.0,7.5,84.00,=3,285.20,16,47.75,
,205B,3.0,5.0,5.5,5.5,5.5,4.5,5.0,5.0,46.50,17,331.70,18,92.45,
,5154B,3.4,6.0,6.0,6.0,5.5,6.5,5.5,5.5,59.50,18,391.20,18,132.40,
Note:
For more detail on the judges see Panel of Judges for this session.,
Legend:,
=
No.,Indicates the same rank by points Number,DD
No.,Degree of difficulty Number,Jn,Judge number n,
DVM001201_73E 1.0                                                                                                  Report created WED 22 FEB 2012 11:26                                                                                                           Page 2 of 2,
Finale,
Detailed Results,
R<8e>sultats d<8e>taill<8e>s,
Rank,Name,Ctry Code,Dive No.,DD,Judge's Score,Dive Points,Dive Rank,Total Points,Overall Rank,Points Behind,
,J1,J2,J3,J4,J5,J6,J7,
1,HE Chong,CHN,205B,3.0,9.0,9.0,8.5,9.0,8.5,8.5,9.0,79.50,4,79.50,4,12.30,
,5154B,3.4,9.0,9.5,9.0,9.0,9.0,9.5,9.0,91.80,1,171.30,3,4.50,
,307C,3.5,9.0,9.0,8.5,9.0,8.5,9.0,9.0,94.50,2,265.80,1,
,407C,3.4,8.0,8.0,8.0,7.5,8.0,7.0,8.0,81.60,7,347.40,1,
,109C,3.8,8.5,9.0,9.0,9.5,8.5,9.0,9.5,102.60,2,450.00,1,
,5156B,3.9,8.5,9.0,8.5,9.0,9.0,9.0,8.5,103.35,1,553.35,1,
2,QIN Kai,CHN,205B,3.0,8.5,8.5,8.5,8.5,8.5,8.5,8.5,76.50,=5,76.50,=5,15.30,
,5154B,3.4,9.0,8.5,8.5,9.0,9.0,8.5,8.5,88.40,2,164.90,4,10.90,
,307C,3.5,6.0,6.5,5.5,6.5,7.5,5.5,7.0,66.50,11,231.40,7,34.40,
,407C,3.4,9.5,9.5,10,9.5,9.0,9.0,9.0,95.20,1,326.60,6,20.80,
,109C,3.8,9.5,9.5,9.0,9.5,9.0,9.5,9.5,108.30,1,434.90,2,15.10,
,5353B,3.3,8.5,9.0,9.0,9.5,9.0,9.0,9.0,89.10,4,524.00,2,29.35,
3,DESPATIE Alexandre,CAN,205B,3.0,8.5,8.5,8.5,8.5,8.5,8.0,8.5,76.50,=5,76.50,=5,15.30,
,107B,3.1,9.0,9.5,9.0,9.0,9.5,9.5,9.5,86.80,3,163.30,5,12.50,
,5353B,3.3,8.0,8.0,7.5,8.0,8.5,8.0,8.0,79.20,7,242.50,4,23.30,
,307C,3.5,8.5,9.0,8.0,8.5,8.5,8.5,8.5,89.25,=3,331.75,5,15.65,
,407C,3.4,8.5,9.5,9.0,8.5,9.0,8.5,9.0,90.10,4,421.85,4,28.15,
,5154B,3.4,8.5,9.0,8.0,9.0,9.0,9.0,8.5,90.10,3,511.95,3,41.40,
4,WARREN Ethan,AUS,205B,3.0,8.5,8.5,8.0,8.5,8.5,8.5,8.5,76.50,=5,76.50,=5,15.30,
,107B,3.1,8.5,8.5,8.5,8.0,8.5,8.5,8.0,79.05,=9,155.55,8,20.25,
,109C,3.8,9.0,8.0,8.5,9.0,8.5,8.5,9.0,98.80,1,254.35,3,11.45,
,407C,3.4,8.5,8.5,9.0,8.5,9.0,8.5,9.0,88.40,5,342.75,3,4.65,
,307C,3.5,7.5,7.5,8.0,8.0,8.0,7.0,8.0,82.25,7,425.00,3,25.00,
,5154B,3.4,9.0,8.5,8.5,8.5,8.5,8.5,8.0,86.70,=5,511.70,4,41.65,
5,KVASHA Illya,UKR,407C,3.4,8.5,8.0,9.0,9.0,8.5,8.5,9.0,88.40,2,88.40,2,3.40,
,109C,3.8,6.5,7.5,7.0,7.5,7.5,6.0,7.5,83.60,7,172.00,2,3.80,
,5353B,3.3,8.0,8.5,8.5,8.5,9.0,8.5,8.5,84.15,3,256.15,2,9.65,
,307C,3.5,8.5,8.5,8.0,8.5,8.5,8.5,8.5,89.25,=3,345.40,2,2.00,
,205B,3.0,8.5,8.5,8.5,8.0,8.0,7.5,8.0,73.50,11,418.90,5,31.10,
,5154B,3.4,8.0,8.0,8.5,8.0,8.5,7.0,7.5,81.60,7,500.50,5,52.85,
6,ZAKHAROV Illya,RUS,407C,3.4,9.0,9.0,9.5,9.0,9.0,9.0,9.0,91.80,1,91.80,1,37.50,
,207C,3.5,7.5,8.0,7.5,8.0,8.0,8.0,8.0,84.00,5,175.80,1,
,307C,3.5,5.0,4.5,4.5,5.5,5.5,4.5,5.5,52.50,12,228.30,9,
,5154B,3.4,7.5,7.5,8.0,8.0,8.0,7.5,7.5,78.20,10,306.50,9,40.90,
,5156B,3.9,7.5,7.5,7.5,8.0,7.5,8.5,7.5,87.75,5,394.25,7,55.75,
,109C,3.8,9.0,8.5,8.5,9.0,8.5,9.0,8.0,98.80,2,493.05,6,60.30,
7,SAKAI Sho,JPN,405B,3.0,8.0,8.0,8.0,8.0,8.0,8.5,8.5,72.00,=9,72.00,=9,19.80,
,107B,3.1,8.5,9.0,9.0,9.0,9.0,9.0,9.5,83.70,6,155.70,7,20.10,
,305B,3.0,9.0,9.0,9.5,9.5,9.5,9.5,9.0,84.00,4,239.70,5,26.10,
,205B,3.0,8.5,9.0,9.0,9.0,8.5,8.0,9.0,79.50,8,319.20,7,28.20,
,307C,3.5,9.0,9.0,8.0,9.0,8.5,8.5,8.5,91.00,3,410.20,6,39.80,
,5353B,3.3,8.5,8.5,8.0,8.0,8.0,8.5,8.0,80.85,8,491.05,7,62.30,
8,LAUGHER Jack,GBR,405B,3.0,7.5,8.0,8.5,8.0,8.0,8.5,8.5,73.50,8,73.50,8,18.30,
,5353B,3.3,8.5,8.5,8.5,8.5,9.0,9.0,9.0,85.80,4,159.30,6,16.50,
,205B,3.0,8.5,8.5,8.5,9.5,9.0,9.0,9.0,79.50,6,238.80,6,27.00,
,307C,3.5,9.0,9.0,9.0,9.5,9.0,9.0,10,94.50,2,333.30,4,14.10,
,109C,3.8,4.0,3.5,3.5,4.0,4.5,4.0,3.5,43.70,12,377.00,10,73.00,
,5154B,3.4,9.0,8.5,8.0,8.5,8.0,8.5,8.5,86.70,=5,463.70,8,89.65,
9,COLWILL Chris,USA,205B,3.0,7.5,7.5,8.0,7.5,8.0,8.0,8.0,70.50,12,70.50,12,21.30,
,107B,3.1,8.0,8.5,8.5,8.5,9.0,8.0,8.5,79.05,=9,149.55,10,26.25,
,5154B,3.4,7.5,8.0,8.0,8.0,8.0,7.5,8.0,81.60,5,231.15,8,34.65,
,5337D,3.4,8.0,8.0,8.5,8.5,8.0,8.0,8.5,83.30,6,314.45,8,32.95,
,407C,3.4,7.5,7.5,8.0,7.5,7.5,7.5,8.0,76.50,10,390.95,8,59.05,
,307C,3.5,6.0,6.5,7.0,6.5,7.0,5.5,7.5,70.00,12,460.95,9,92.40,
10,ROSS Reuben,CAN,205B,3.0,7.5,8.5,8.0,8.0,8.0,8.0,8.0,72.00,=9,72.00,=9,19.80,
,107B,3.1,9.0,8.5,8.5,8.5,9.0,9.0,9.0,82.15,8,154.15,9,21.65,
,307C,3.5,5.5,6.5,6.5,7.0,6.5,6.5,7.0,68.25,10,222.40,10,43.40,
,5353B,3.3,8.0,8.5,8.0,7.5,8.0,8.0,8.5,79.20,9,301.60,10,45.80,
,407C,3.4,8.0,8.0,8.0,8.5,8.0,8.5,8.5,83.30,6,384.90,9,65.10,
,5253B,3.3,6.5,7.0,7.0,7.5,7.0,7.5,7.5,70.95,11,455.85,10,97.50,
11,TERAUCHI Ken,JPN,205B,3.0,8.0,8.0,7.5,8.0,8.0,8.0,8.0,72.00,=9,72.00,=9,19.80,
,305B,3.0,8.0,8.0,7.5,8.0,8.0,8.0,8.5,72.00,11,144.00,11,31.80,
,405B,3.0,8.5,8.5,8.5,8.5,8.5,8.5,8.5,76.50,8,220.50,11,45.30,
,5154B,3.4,7.0,6.5,7.0,7.0,7.0,7.0,7.0,71.40,11,291.90,11,55.50,
,107B,3.1,8.5,8.5,8.5,8.5,8.5,8.5,8.5,79.05,8,370.95,11,79.05,
,5353B,3.3,8.0,8.0,7.5,7.5,8.0,8.0,7.0,77.55,9,448.50,11,104.85,
DVM001101_73E 1.0                                                                                                  Report created WED 22 FEB 2012 19:59                                                                                                           Page 1 of 2,
Finale,
Detailed Results,
R<8e>sultats d<8e>taill<8e>s,
Rank,Name,Ctry Code,Dive No.,DD,Judge's Score,Dive Points,Dive Rank,Total Points,Overall Rank,Points Behind,
,J1,J2,J3,J4,J5,J6,J7,
12,BENEDETTI Michele,ITA,107B
407C
205B
307C
5353B
5154B,3.1
3.4
3.0
3.5
3.3
3.4,8.5
6.0
7.5
6.0
7.5
7.0,9.0
5.0
8.0
5.5
8.0
7.0,9.0
5.5
8.0
5.5
7.5
7.0,8.5
5.5
8.0
6.0
7.5
7.5,8.5
6.5
8.0
6.5
8.0
8.0,8.5
5.5
8.0
6.5
8.0
7.0,9.0
6.0
7.5
6.0
8.0
7.5,80.60
57.80
72.00
63.00
77.55
73.10,3
12
9
12
9
10,80.60
138.40
210.40
273.40
350.95
424.05,3
12
12
12
12
12,11.20
37.40
55.40
74.00
99.05
129.30,
Note:
For more detail on the judges see Panel of Judges for this session.,
Legend:,
=
No.,Indicates the same rank by points Number,DD
No.,Degree of difficulty Number,Jn,Judge number n,
DVM001101_73E 1.0                                                                                                  Report created WED 22 FEB 2012 19:59                                                                                                           Page 2 of 2,
Tremplin 3 m - hommes,
Results Summary,
Synth<8f>se des r<8e>sultats,
Rank,Name,Ctry Code,Preliminaries,Semifinals,Finals,
,Points,Rank,Points,Rank,Points,
1,HE Chong,CHN,502.85,2,523.60,1,553.35,
2,QIN Kai,CHN,521.85,1,499.45,2,524.00,
3,DESPATIE Alexandre,CAN,446.40,8,466.30,7,511.95,
4,WARREN Ethan,AUS,475.25,3,441.80,12,511.70,
5,KVASHA Illya,UKR,468.80,4,468.05,5,500.50,
6,ZAKHAROV Illya,RUS,456.70,6,497.90,3,493.05,
7,SAKAI Sho,JPN,431.65,12,452.35,9,491.05,
8,LAUGHER Jack,GBR,458.05,5,467.60,6,463.70,
9,COLWILL Chris,USA,444.55,9,471.65,4,460.95,
10,ROSS Reuben,CAN,434.50,11,446.75,10,455.85,
11,TERAUCHI Ken,JPN,430.05,13,444.90,11,448.50,
12,BENEDETTI Michele,ITA,435.00,10,459.10,8,424.05,
13,CASTILLO Yahel,MEX,423.65,15,433.55,13,
14,CASTRO Cesar,BRA,416.95,18,431.20,14,
15,FECK Stephan,GER,421.90,17,423.25,15,
16,MEARS Christopher,GBR,429.35,14,413.55,16,
17,KLEIN Sascha,GER,450.45,7,410.40,17,
18,ROSSET Matthieu,FRA,423.25,16,391.20,18,
19,MEZENSKII Dmytro,UKR,415.25,19,
20,KUZNETSOV Evgeny,RUS,413.95,20,
21,PAPAROUNAS Stefanos,GRE,409.50,21,
22,CELY Damien,FRA,406.40,22,
23,ILLANA Javier,ESP,403.95,23,
24,IPSEN Kristian,USA,402.30,24,
25,KEN NEE Yeoh,MAS,401.45,25,
26,de BRUIJN Yorick,NED,398.75,26,
27,TOLVERS Jesper,SWE,396.30,27,
28,SANCHEZ Julian,MEX,391.80,28,
29,MANOS Alexandros,GRE,389.15,29,
30,ALOISIO Andrea,SUI,382.90,30,
31,de MEIJER Ramon,NED,381.70,31,
32,SON Seongchel,KOR,380.65,32,
33,NEL Grant,AUS,377.10,33,
34,VALHEIM Eirik,NOR,372.40,34,
35,CHANTURIA Chola,GEO,366.45,35,
36,CHO Kwanhoon,KOR,363.85,36,
37,RINALDI Tommaso,ITA,363.35,37,
38,VILLA CASTANEDA Sebastian,COL,356.40,38,
39,ARAYON Christian,COL,354.20,39,
40,PUPO Jorge Luis,CUB,347.65,40,
41,RZESZUTEK Andrzej,POL,347.50,41,
42,VALHEIM Espen,NOR,347.00,42,
43,VAHTOLA Ville,FIN,344.75,43,
44,CONTRERAS Edickson,VEN,336.35,44,
45,JORNFALK Jonathan,SWE,335.95,45,
46,ZENG Tian Yi,HKG,326.25,46,
47,CARQUIN Diego,CHI,321.55,47,
48,STOUDMAN Quentin,SUI,320.65,48,
49,BLAHA Constantin,AUT,315.85,49,
50,VALI POUR Mojtaba,IRI,315.25,50,
51,PAEZ Robert,VEN,309.95,51,
52,BARKAUSKAS Ignas,LTU,302.00,52,
53,BRANDL Fabian,AUT,292.75,53,
54,NEGLIA Donato,CHI,285.35,54,
55,KORAKHASHVILI Shota,GEO,283.45,55,
56,SHARMA Ramananda,IND,280.90,56,
57,BAZIUK Sergej,LTU,276.30,57,
58,OSPAN Ali,KAZ,270.20,58,
59,SOROKIN Dmitriy,AZE,226.00,59,
DVM001000_74 1.0                                                                                                    Report created WED 22 FEB 2012 20:00                                                                                                           Page 1 of 1,
,ZHANG Yanquan,401B,2.0,9.0,9.0,9.5,9.5,9.0,9.5,9.0,9.0,9.0,9.5,9.0,54.60,1,108.60,1,
,5253B,3.2,9.0,9.0,9.0,9.5,9.5,9.5,9.5,9.5,9.0,9.0,9.5,89.28,1,197.88,1,
,307C,3.3,9.5,9.5,8.5,9.0,8.5,9.0,8.5,9.0,9.0,9.0,9.0,90.09,1,287.97,1,
,207B,3.6,6.0,6.0,6.0,7.0,7.0,7.0,7.0,8.0,8.0,8.5,8.0,79.92,4,367.89,1,
,5255B,3.6,8.0,8.5,8.0,7.5,7.0,8.5,8.5,8.5,8.5,9.0,8.5,88.56,=2,456.45,1,
2,RUS,ZAKHAROV Illya,103B,2.0,8.5,9.0,8.5,9.0,8.0,8.5,8.5,9.0,9.0,9.0,8.0,52.20,4,52.20,4,2.40,
,MINIBAEV Victor,201B,2.0,8.0,7.5,8.5,9.0,9.0,8.5,8.0,8.0,8.0,8.5,8.5,49.80,=6,102.00,4,6.60,
,5255B,3.6,7.5,8.0,7.5,8.0,7.5,7.5,8.0,8.0,7.5,8.0,8.0,84.24,3,186.24,4,11.64,
,307C,3.3,9.5,9.0,9.0,9.0,7.5,9.0,8.5,8.5,9.0,8.5,8.5,86.13,3,272.37,2,15.60,
,407C,3.2,9.0,9.0,9.5,8.5,8.5,8.0,8.5,8.0,8.5,8.5,8.5,82.56,1,354.93,2,12.96,
,109C,3.7,8.5,9.0,8.5,7.5,7.5,7.5,8.0,8.0,7.5,7.5,8.0,87.69,4,442.62,2,13.83,
3,MEX,GARCIA Ivan Alejandro,201B,2.0,9.0,9.0,8.0,8.5,8.5,8.5,8.5,8.5,8.5,8.0,8.5,51.60,=5,51.60,=5,3.00,
,SANCHEZ German,401B,2.0,8.5,9.0,8.5,7.5,8.0,8.5,8.5,8.5,8.0,8.0,8.0,49.20,=8,100.80,6,7.80,
,207C,3.3,8.5,7.5,8.0,8.0,7.0,8.0,7.5,8.0,7.5,7.5,8.5,77.22,8,178.02,8,19.86,
,5156B,3.8,7.5,7.0,7.0,7.5,7.5,8.0,8.0,7.0,8.5,7.5,8.0,86.64,2,264.66,4,23.31,
,307C,3.3,7.0,8.5,8.0,9.0,8.5,9.0,8.0,8.5,8.5,8.0,8.0,82.17,2,346.83,3,21.06,
,109C,3.7,9.0,8.5,8.5,8.5,8.5,9.0,8.5,8.5,9.0,8.5,8.5,94.35,1,441.18,3,15.27,
4,USA,BOUDIA David,401B,2.0,8.0,8.5,8.5,8.5,8.5,8.0,8.5,8.5,8.5,8.5,8.0,51.00,=7,51.00,=7,3.60,
,McCRORY Nick,201B,2.0,8.5,8.0,8.5,8.0,7.0,8.0,8.0,8.0,7.5,7.5,8.0,48.00,11,99.00,=9,9.60,
,407C,3.2,9.0,9.0,9.0,9.5,9.5,9.5,9.0,9.0,9.0,9.5,9.0,87.36,2,186.36,3,11.52,
,109C,3.7,7.5,7.5,8.0,6.0,5.5,5.5,7.5,8.0,7.5,7.5,7.0,78.81,4,265.17,3,22.80,
,307C,3.3,5.5,4.0,5.0,8.0,7.5,8.0,7.0,7.0,7.5,7.0,8.0,68.31,12,333.48,4,34.41,
,5255B,3.6,8.5,7.5,7.5,7.5,7.0,8.0,8.0,8.0,8.0,7.5,7.5,83.16,6,416.64,4,39.81,
5,GER,HAUSDING Patrick,103B,2.0,8.0,8.5,8.0,8.5,8.5,9.0,9.0,8.5,8.5,9.0,8.0,51.00,=7,51.00,=7,3.60,
,KLEIN Sascha,401B,2.0,8.0,8.5,8.5,7.5,7.5,8.0,8.5,8.0,8.0,8.0,8.5,48.60,10,99.60,8,9.00,
,5253B,3.2,8.0,8.0,7.5,9.0,8.0,8.5,9.0,8.5,8.5,8.5,8.5,80.64,5,180.24,6,17.64,
,207B,3.6,3.5,3.5,3.5,7.5,7.5,7.0,5.0,5.0,7.0,6.5,6.5,62.64,16,242.88,10,45.09,
,307C,3.3,8.0,8.0,7.5,8.5,8.5,8.0,8.5,8.0,8.0,8.0,8.0,80.19,3,323.07,7,44.82,
,5255B,3.6,7.5,6.5,7.0,8.5,8.0,8.5,8.5,8.5,8.5,8.5,8.0,88.56,=2,411.63,5,44.82,
6,GBR,DALEY Thomas,401B,2.0,8.5,8.5,8.5,9.0,9.0,9.0,8.5,8.5,8.5,8.0,8.0,51.00,=7,51.00,=7,3.60,
,WATERFIELD Peter,301B,2.0,8.5,8.5,8.0,8.0,8.0,9.0,8.5,8.5,8.5,8.0,8.5,50.40,=4,101.40,5,7.20,
,207C,3.3,8.0,8.0,8.5,6.5,7.5,7.0,8.0,8.5,8.5,8.0,8.0,78.21,7,179.61,7,18.27,
,307C,3.3,4.5,4.0,5.0,7.5,8.0,7.0,6.5,7.5,7.5,7.5,7.0,67.32,12,246.93,7,41.04,
,109C,3.7,6.0,5.5,5.5,3.5,4.0,4.5,7.0,7.5,7.5,6.0,7.0,68.82,11,315.75,10,52.14,
,5255B,3.6,8.0,8.0,7.5,8.0,7.0,8.0,7.5,8.0,8.0,8.5,8.0,86.40,5,402.15,6,54.30,
7,CUB,AGUIRRE Jeinkler,103B,2.0,9.5,8.5,9.0,9.0,8.5,9.0,9.5,9.0,9.0,9.5,9.0,54.60,1,54.60,1,3.60,
,GUERRA Jose A.,201C,2.0,8.5,7.0,9.0,7.0,8.0,8.0,8.5,9.0,8.5,8.5,8.5,50.40,=4,105.00,3,
,5253B,3.2,9.0,8.5,8.5,8.5,8.0,8.5,8.5,9.0,8.5,8.0,8.5,81.60,4,186.60,2,11.28,
,407C,3.2,9.0,8.5,8.0,5.5,6.5,5.5,7.5,8.0,7.5,7.0,8.0,71.04,9,257.64,5,30.33,
,307C,3.3,4.5,5.5,4.5,8.0,7.0,8.0,7.0,7.0,7.5,7.0,7.5,67.32,13,324.96,6,42.93,
,5255B,3.6,5.5,5.0,6.5,5.5,6.5,6.5,7.0,7.5,7.5,7.0,7.5,73.44,10,398.40,7,58.05,
8,CAN,GEYSON Kevin Alan,103B,2.0,8.5,8.0,9.0,8.5,8.5,9.0,9.0,8.5,8.5,8.5,8.5,51.00,=7,51.00,=7,3.60,
,SEHN Eric,301B,2.0,8.0,8.0,8.5,8.5,8.0,8.5,8.5,8.5,7.5,8.0,8.0,49.20,=8,100.20,7,8.40,
,407C,3.2,7.0,6.5,7.5,7.0,6.5,7.5,7.0,8.0,7.0,8.0,7.5,70.08,12,170.28,11,27.60,
,107B,3.0,7.5,7.5,7.5,8.0,8.0,8.0,8.0,8.5,8.5,8.5,8.5,73.80,6,244.08,9,43.89,
,207C,3.3,6.5,6.5,6.5,8.0,7.5,8.0,8.0,8.0,8.0,7.5,8.5,76.23,5,320.31,8,47.58,
,5253B,3.2,6.0,6.5,6.5,8.5,8.0,8.0,7.5,8.0,8.5,8.0,8.0,73.92,9,394.23,8,62.22,
9,KOR,PARK Jiho,101B,2.0,9.0,8.5,8.5,8.5,8.0,8.5,9.0,8.5,9.0,8.5,8.0,51.60,=5,51.60,=5,3.00,
,OH Yitaek,301B,2.0,8.5,9.0,8.5,7.0,7.5,7.0,8.0,8.0,8.0,7.5,8.0,47.40,=12,99.00,=9,9.60,
,107B,3.0,8.5,8.0,8.5,8.0,7.5,8.0,8.0,8.0,8.0,8.0,7.5,72.90,10,171.90,10,25.98,
,407C,3.2,7.0,8.0,7.5,7.5,7.5,7.0,8.0,7.5,8.5,8.0,8.0,74.88,5,246.78,8,41.19,
,207C,3.3,5.5,6.5,6.0,7.0,6.0,6.5,7.5,7.5,7.5,7.0,7.5,69.30,10,316.08,9,51.81,
,5253B,3.2,7.5,7.5,7.5,7.0,7.5,7.5,7.5,8.0,7.5,7.0,7.5,72.00,11,388.08,9,68.37,
10,COL,ORTEGA Victor,101B,2.0,8.5,8.0,8.5,9.0,8.0,8.0,8.5,9.0,8.5,8.0,8.0,49.80,13,49.80,13,4.80,
,RIOS Juan Guillermo,301B,2.0,8.5,8.0,8.5,8.0,7.5,7.0,8.0,8.5,7.5,7.5,7.5,46.80,=14,96.60,14,12.00,
,5253B,3.2,8.0,8.0,7.0,8.0,7.5,7.5,7.0,7.0,7.5,7.5,6.5,71.04,11,167.64,12,30.24,
,407C,3.2,6.5,6.0,6.5,6.0,6.0,6.5,7.5,7.5,7.5,7.5,7.5,67.20,13,234.84,13,53.13,
,207C,3.3,6.5,6.0,7.0,8.0,7.5,8.0,7.5,7.5,8.0,8.0,7.5,74.25,=6,309.09,11,58.80,
,307C,3.3,7.5,8.0,7.5,7.0,6.5,7.0,8.0,8.5,8.0,8.0,8.0,76.23,8,385.32,10,71.13,
DVM202901_73F 1.0                                                                                                  Report created THU 23 FEB 2012 11:23                                                                                                           Page 1 of 2,
,VERZOTTO Maicol,5152B,2.9,8.0,8.0,7.5,7.0,7.5,6.5,8.0,8.0,8.0,8.0,8.0,67.86,13,165.66,13,32.22,
,107B,3.0,7.5,7.5,8.0,6.5,8.0,8.0,8.0,8.5,8.5,8.0,8.0,72.00,7,237.66,11,50.31,
,407C,3.2,7.0,7.0,7.5,6.5,6.5,7.5,7.5,7.5,8.0,8.5,8.0,71.04,=8,308.70,12,59.19,
,207C,3.3,8.0,8.5,8.0,3.5,3.5,3.0,6.5,4.5,6.0,6.5,6.0,59.40,15,368.10,14,88.35,
15,SWE,ESKILSSON Christofer,103B,2.0,8.0,8.0,8.0,8.0,8.0,8.0,8.0,8.0,8.5,8.0,7.5,48.00,=14,48.00,=14,6.60,
,TOLVERS Jesper,301B,2.0,8.0,7.5,8.0,7.0,7.5,8.0,7.5,8.0,8.0,8.0,8.5,47.40,=12,95.40,15,13.20,
,5253B,3.2,6.5,6.5,6.0,8.0,7.5,7.5,6.5,7.0,7.0,7.0,6.5,66.24,15,161.64,15,36.24,
,407C,3.2,7.5,6.5,6.5,7.0,7.5,7.0,8.0,7.5,8.0,7.5,7.5,70.08,=10,231.72,14,56.25,
,207C,3.3,4.5,4.5,4.0,7.5,6.5,6.5,6.0,6.5,6.5,7.0,6.5,60.39,15,292.11,15,75.78,
,109C,3.7,4.5,4.0,5.5,4.0,4.5,3.5,6.5,6.0,6.0,6.0,7.0,59.94,14,352.05,15,104.40,
16,MAS,MUHAMMAD Abd,101B,2.0,8.0,8.0,8.5,9.0,8.5,8.5,9.0,9.0,8.5,8.0,8.5,51.00,=7,51.00,=7,3.60,
,Rashid,301B,2.0,7.5,8.0,8.5,7.5,6.5,7.5,8.5,8.0,7.5,8.0,7.5,46.80,=14,97.80,=11,10.80,
,PAMG Pardika Indoma,107B,3.0,6.0,6.0,6.5,6.0,6.0,6.0,8.0,7.5,7.0,8.0,7.0,62.10,16,159.90,16,37.98,
,407C,3.2,7.5,7.5,7.5,5.5,6.5,6.5,7.5,8.0,7.5,7.0,7.5,70.08,=10,229.98,15,57.99,
,207C,3.3,2.5,1.0,1.0,2.0,2.5,2.5,4.5,7.5,4.5,6.0,5.5,38.61,16,268.59,16,99.30,
,5253B,3.2,7.0,7.0,7.0,7.0,6.5,6.5,7.5,8.5,7.5,8.5,7.5,71.04,12,339.63,16,116.82,
Legend:,
=,Indicates the same rank by points,DD,Degree of difficulty,En,Execution judge number for reach diver,
No.,Number,Ovl Rk,Overall rank,Sn,Synchronisation judge number,
DVM202901_73F 1.0                                                                                                  Report created THU 23 FEB 2012 11:23                                                                                                           Page 2 of 2,
,407C,3.2,8.5,9.0,9.0,9.5,9.5,10,9.5,89.60,5,168.80,3,8.35,
,109C,3.7,6.0,6.0,5.5,6.0,6.5,6.0,6.5,66.60,25,235.40,6,20.25,
,307C,3.3,7.0,7.0,6.5,5.5,6.5,7.5,7.0,67.65,=23,303.05,9,34.95,
,207B,3.6,7.5,7.5,7.5,7.0,7.5,7.5,7.5,81.00,11,384.05,9,45.75,
,5255B,3.6,6.0,5.0,5.5,6.5,5.5,6.5,5.5,61.20,31,445.25,12,74.55,
13,VILLA CASTANEDA,COL,5253B,3.2,8.5,8.0,8.5,7.5,8.0,8.0,8.0,76.80,=10,76.80,=10,12.30,
,Sebastian,107B,3.0,8.5,8.0,8.0,7.5,7.5,8.0,8.5,72.00,=18,148.80,15,28.35,
,626C,3.3,7.5,7.5,8.0,8.0,7.5,6.5,8.5,75.90,13,224.70,10,30.95,
,407C,3.2,5.5,5.5,5.5,6.0,5.0,5.0,5.5,52.80,31,277.50,19,60.50,
,207C,3.3,7.5,8.0,7.0,7.0,8.0,8.0,8.0,77.55,15,355.05,15,74.75,
,307C,3.3,8.5,8.5,8.0,7.0,8.5,9.0,8.5,84.15,7,439.20,13,80.60,
14,PARISI Hugo,BRA,107B,3.0,7.0,8.0,8.0,8.0,7.5,8.0,7.5,70.50,20,70.50,20,18.60,
,407C,3.2,7.0,6.0,6.5,5.0,6.0,6.0,5.5,57.60,30,128.10,28,49.05,
,207C,3.3,7.5,8.0,8.0,8.0,8.0,7.5,8.0,79.20,8,207.30,21,48.35,
,6245D,3.6,6.0,6.5,6.0,6.5,6.5,7.0,6.0,68.40,=21,275.70,21,62.30,
,307C,3.3,7.5,7.0,6.5,7.0,6.0,7.5,7.0,69.30,=22,345.00,20,84.80,
,5255B,3.6,8.0,8.0,7.5,8.5,8.5,8.0,8.0,86.40,=5,431.40,14,88.40,
15,KAPTUR Vadim,BLR,5253B,3.2,6.0,7.5,7.0,7.0,7.0,7.0,6.5,67.20,=28,67.20,=28,21.90,
,6142D,3.1,5.5,7.5,7.0,7.0,7.5,7.5,6.0,66.65,25,133.85,25,43.30,
,207C,3.3,7.0,6.5,7.0,7.0,6.5,7.0,6.0,67.65,24,201.50,23,54.15,
,307C,3.3,7.5,8.0,8.5,8.5,8.0,8.0,8.0,79.20,=9,280.70,=15,57.30,
,407C,3.2,8.0,8.0,8.0,7.5,8.0,7.5,8.0,76.80,16,357.50,14,72.30,
,107B,3.0,8.0,8.0,8.0,9.0,8.5,8.5,8.0,73.50,20,431.00,15,88.80,
16,WATERFIELD Peter,GBR,626C,3.3,9.5,9.5,9.0,9.0,9.0,8.5,8.5,89.10,1,89.10,1,4.85,
,407C,3.2,9.0,8.5,8.5,8.5,8.5,9.0,9.0,83.20,=6,172.30,2,
,109C,3.7,4.0,3.5,3.0,3.5,3.0,3.5,3.5,38.85,39,211.15,=18,44.50,
,207C,3.3,6.5,6.5,7.0,5.5,7.0,7.5,7.0,67.65,=23,278.80,18,59.20,
,307C,3.3,6.5,8.5,7.5,7.0,8.0,8.0,7.0,74.25,18,353.05,17,76.75,
,5255B,3.6,6.5,6.0,6.5,6.5,7.0,7.5,6.5,70.20,=23,423.25,16,96.55,
17,BRYAN NICKSON,MAS,6243D,3.2,6.0,6.5,6.0,7.0,6.0,7.0,6.5,60.80,34,60.80,34,28.30,
,Lomas,109C,3.7,3.5,3.5,4.0,4.0,3.5,4.0,3.5,40.70,38,101.50,38,75.65,
,5255B,3.6,7.5,7.0,7.5,6.5,6.0,6.5,7.0,73.80,16,175.30,35,80.35,
,409C,4.1,8.0,7.0,7.0,6.0,7.0,6.5,7.0,86.10,3,261.40,26,76.60,
,307C,3.3,8.5,9.0,8.5,8.0,9.0,9.0,9.0,87.45,=5,348.85,18,80.95,
,207C,3.3,6.5,7.5,7.5,6.5,7.5,7.5,7.5,74.25,19,423.10,17,96.70,
18,GALPERIN Gleb,RUS,407C,3.2,8.0,7.5,7.0,7.5,8.0,8.5,8.0,75.20,15,75.20,15,13.90,
,6243D,3.2,8.0,8.0,8.0,8.0,8.0,8.0,7.5,76.80,=12,152.00,11,25.15,
,109C,3.7,5.0,5.5,4.5,5.5,6.0,5.5,5.0,59.20,31,211.20,17,44.45,
,207C,3.3,6.5,7.0,7.0,6.5,6.5,6.5,7.0,66.00,26,277.20,20,60.80,
,307C,3.3,6.5,6.5,6.5,6.0,6.5,6.0,6.0,62.70,30,339.90,22,89.90,
,5255B,3.6,7.5,7.0,8.0,7.0,7.5,8.0,7.5,81.00,=11,420.90,18,98.90,
19,DELL'UOMO,ITA,5152B,2.9,8.0,7.0,7.5,7.0,7.5,7.0,7.0,62.35,32,62.35,32,26.75,
,Francesco,107B,3.0,8.0,8.0,8.5,7.5,8.0,7.5,8.0,72.00,=18,134.35,24,42.80,
,407C,3.2,7.5,8.0,8.5,8.0,8.0,8.0,8.0,76.80,=11,211.15,=18,44.50,
,207C,3.3,8.0,7.5,8.0,7.0,7.5,8.0,7.5,75.90,=12,287.05,13,50.95,
,307C,3.3,7.5,5.5,7.0,6.5,7.0,7.0,6.5,67.65,=25,354.70,16,75.10,
,6142D,3.1,6.5,6.5,6.5,6.5,7.0,7.5,6.5,60.45,33,415.15,19,104.65,
20,ZAKHAROV Anton,UKR,407C,3.2,8.0,8.5,8.0,8.0,7.5,7.5,8.0,76.80,=10,76.80,=10,12.30,
,207B,3.6,6.0,5.5,6.0,5.5,6.0,6.0,5.5,63.00,29,139.80,19,37.35,
,109C,3.7,6.5,6.5,7.0,6.5,6.5,6.0,6.5,72.15,18,211.95,16,43.70,
,307C,3.3,7.0,7.5,7.0,6.5,6.5,7.0,7.0,69.30,=19,281.25,14,56.75,
,626B,3.5,6.0,5.5,6.0,6.0,4.5,5.0,6.0,61.25,31,342.50,21,87.30,
,5255B,3.6,6.0,6.5,6.5,6.5,6.5,6.5,6.0,70.20,=23,412.70,20,107.10,
21,GISMERVICK Amund,NOR,5253B,3.2,6.0,6.5,7.5,6.0,7.0,6.5,7.0,64.00,30,64.00,30,25.10,
,107B,3.0,8.5,8.5,8.5,8.0,8.5,8.5,8.5,76.50,14,140.50,18,36.65,
,207C,3.3,5.5,6.5,7.0,6.5,6.0,5.5,5.0,59.40,30,199.90,26,55.75,
,307C,3.3,7.5,7.5,7.5,7.0,8.0,7.5,7.0,74.25,14,274.15,22,63.85,
,6142D,3.1,7.5,6.5,8.0,7.5,8.0,8.5,7.5,71.30,21,345.45,19,84.35,
,407C,3.2,6.5,6.5,6.5,6.0,6.5,7.0,6.5,62.40,=29,407.85,21,111.95,
22,AGUIRRE Jeinkler,CUB,107B,3.0,8.5,8.5,8.5,8.5,8.5,8.0,8.0,76.50,14,76.50,14,12.60,
,207B,3.6,4.5,4.5,5.0,5.0,4.5,5.0,6.0,52.20,33,128.70,27,48.45,
,6243D,3.2,7.5,7.5,7.0,7.5,7.5,7.0,8.5,72.00,=19,200.70,24,54.95,
,407C,3.2,8.5,8.0,8.0,8.0,8.5,8.5,9.0,80.00,8,280.70,=15,57.30,
,307C,3.3,4.0,4.0,4.5,6.0,4.5,4.0,4.5,42.90,40,323.60,26,106.20,
,5255B,3.6,7.5,7.0,7.5,7.5,7.0,7.5,7.5,81.00,=11,404.60,22,115.20,
DVM002901_73E 1.0                                                                                                   Report created FRI 24 FEB 2012 17:22                                                                                                            Page 2 of 4,
,107B,3.0,7.5,7.5,7.5,8.0,7.5,7.5,8.0,67.50,24,139.50,20,37.65,
,207C,3.3,4.5,4.5,4.5,4.0,3.5,4.0,4.0,41.25,37,180.75,34,74.90,
,307C,3.3,7.5,7.5,7.0,7.0,7.0,7.5,8.0,72.60,16,253.35,31,84.65,
,626C,3.3,6.5,7.0,6.5,7.0,7.0,8.0,7.0,69.30,=22,322.65,27,107.15,
,407C,3.2,7.5,7.0,7.5,6.5,8.0,8.0,7.5,72.00,=21,394.65,25,125.15,
26,ZENG Tian Yi,HKG,107B,3.0,7.5,8.0,8.0,7.5,7.5,7.5,8.0,69.00,=22,69.00,=22,20.10,
,407C,3.2,3.0,3.5,3.0,3.5,3.5,3.0,3.0,30.40,41,99.40,39,77.75,
,205B,2.9,8.5,8.0,8.5,8.5,8.5,9.0,8.0,73.95,15,173.35,36,82.30,
,305B,2.9,7.0,6.5,7.5,7.0,6.5,6.5,7.0,59.45,29,232.80,33,105.20,
,626C,3.3,7.5,7.5,8.5,8.5,8.0,9.0,8.0,80.85,12,313.65,31,116.15,
,5237D,3.3,7.5,7.5,8.0,8.5,7.5,8.5,8.0,77.55,15,391.20,26,128.60,
27,MURAKAMI Kazuki,JPN,407C,3.2,8.0,8.5,8.0,8.0,8.5,8.0,8.0,76.80,=10,76.80,=10,12.30,
,626B,3.5,4.5,4.5,5.0,5.0,5.0,5.0,4.0,50.75,35,127.55,29,49.60,
,307C,3.3,3.5,4.0,5.0,4.0,3.5,4.0,4.0,39.60,38,167.15,37,88.50,
,207B,3.6,6.5,7.0,5.5,5.0,6.5,6.5,6.5,70.20,18,237.35,32,100.65,
,107B,3.0,8.0,8.5,9.0,9.0,9.0,8.5,8.5,78.00,14,315.35,29,114.45,
,5255B,3.6,5.5,6.5,7.0,6.5,6.5,5.0,5.5,66.60,25,381.95,27,137.85,
28,CHIARBINI Andrea,ITA,407C,3.2,7.5,7.5,7.0,7.0,7.0,7.5,7.0,68.80,=25,68.80,=25,20.30,
,626C,3.3,3.5,3.5,4.0,3.0,3.0,3.5,3.5,34.65,40,103.45,37,73.70,
,207C,3.3,9.0,8.5,8.5,9.0,8.5,8.5,8.0,84.15,=5,187.60,30,68.05,
,307C,3.3,8.0,7.0,6.5,5.0,7.5,7.0,7.5,70.95,17,258.55,28,79.45,
,107B,3.0,6.0,7.0,6.5,6.5,6.5,6.5,6.0,58.50,33,317.05,28,112.75,
,5253B,3.2,6.0,6.5,6.5,6.5,6.5,7.0,6.5,62.40,=29,379.45,28,140.35,
29,SEHN Eric,CAN,407C,3.2,8.5,7.5,7.0,7.5,7.5,7.0,7.5,72.00,=17,72.00,=17,17.10,
,6245D,3.6,7.5,7.5,7.0,7.0,7.0,7.0,7.5,77.40,11,149.40,14,27.75,
,107B,3.0,7.5,7.5,8.0,8.0,8.0,7.5,8.0,70.50,21,219.90,13,35.75,
,207C,3.3,5.0,3.0,5.0,4.5,4.5,4.5,4.5,44.55,=36,264.45,25,73.55,
,307C,3.3,6.0,7.0,6.0,6.5,6.5,6.5,6.5,64.35,29,328.80,23,101.00,
,5255B,3.6,4.5,6.5,4.0,3.0,5.0,4.5,4.5,48.60,37,377.40,29,142.40,
30,HORDEICHIK Timofei,BLR,5253B,3.2,8.0,8.0,8.0,8.0,8.0,8.5,8.0,76.80,=10,76.80,=10,12.30,
,626C,3.3,4.0,4.5,5.0,4.0,4.5,4.5,4.5,44.55,36,121.35,33,55.80,
,107B,3.0,7.0,7.0,7.0,7.0,7.5,7.0,7.0,63.00,27,184.35,31,71.30,
,407C,3.2,8.0,8.0,8.0,7.5,7.0,7.0,7.5,73.60,15,257.95,30,80.05,
,207C,3.3,7.5,6.5,6.5,6.5,7.0,7.0,6.5,66.00,28,323.95,24,105.85,
,307C,3.3,4.5,4.5,5.0,6.5,5.0,5.5,5.0,49.50,36,373.45,30,146.35,
31,BRICK Max,GBR,5255B,3.6,8.0,8.0,8.5,7.5,7.5,8.0,7.5,84.60,4,84.60,4,4.50,
,407C,3.2,7.5,7.0,7.5,7.0,6.5,8.0,7.0,68.80,=22,153.40,10,23.75,
,6243D,3.2,6.0,6.5,7.0,6.0,6.0,6.5,6.5,60.80,29,214.20,14,41.45,
,207B,3.6,6.0,6.0,5.5,6.0,6.0,6.0,5.0,64.80,27,279.00,17,59.00,
,109C,3.7,3.0,3.0,3.0,2.0,2.5,2.5,3.0,31.45,42,310.45,32,119.35,
,307C,3.3,5.5,6.5,6.0,6.5,6.0,5.5,5.5,57.75,34,368.20,31,151.60,
32,IL MYONG Hyon,PRK,107B,3.0,7.5,7.0,8.5,8.0,7.5,7.5,8.5,69.00,=22,69.00,=22,20.10,
,407C,3.2,6.5,7.0,7.5,7.0,7.5,7.0,7.5,68.80,=22,137.80,21,39.35,
,626C,3.3,7.5,7.5,8.0,8.5,7.5,7.5,7.5,74.25,14,212.05,15,43.60,
,207C,3.3,5.0,4.0,3.5,6.0,5.0,4.5,4.5,46.20,35,258.25,29,79.75,
,307C,3.3,4.0,4.0,3.0,3.0,4.0,3.0,4.0,36.30,41,294.55,35,135.25,
,5253B,3.2,8.0,7.5,7.0,7.5,8.5,7.5,7.0,72.00,=21,366.55,32,153.25,
33,TZE LIANG Ooi,MAS,107B,3.0,6.0,7.0,7.0,7.5,7.0,8.0,6.5,63.00,31,63.00,31,26.10,
,407C,3.2,8.0,7.5,7.5,7.5,7.5,7.5,7.5,72.00,=18,135.00,23,42.15,
,6243D,3.2,6.5,5.0,4.5,5.0,5.0,5.0,5.5,48.00,35,183.00,32,72.65,
,207C,3.3,4.0,6.5,4.5,4.0,5.0,4.5,4.5,44.55,=36,227.55,=35,110.45,
,307C,3.3,6.0,5.5,6.5,6.0,5.5,6.0,6.0,59.40,32,286.95,37,142.85,
,5253B,3.2,8.0,8.5,8.0,8.0,8.0,7.5,8.0,76.80,17,363.75,33,156.05,
DVM002901_73E 1.0                                                                                                   Report created FRI 24 FEB 2012 17:22                                                                                                            Page 3 of 4,
,207C,3.3,4.0,4.0,3.0,3.5,3.5,4.0,4.5,37.95,39,91.95,41,85.20,
,307C,3.3,2.0,2.5,3.0,2.5,1.5,1.5,3.0,23.10,42,115.05,42,140.60,
,6243D,3.2,6.5,5.0,6.5,6.5,6.0,6.5,6.0,60.80,28,175.85,41,162.15,
,5253B,3.2,8.5,8.0,8.0,9.0,8.5,7.5,7.5,78.40,13,254.25,40,175.55,
,407C,3.2,4.5,4.0,5.0,5.5,5.0,5.0,4.5,46.40,39,300.65,40,219.15,
41,TOLVERS Jesper,SWE,5253B,3.2,7.0,7.0,7.5,6.5,6.5,7.0,7.0,67.20,=28,67.20,=28,21.90,
,407C,3.2,4.5,4.5,4.5,4.0,4.0,4.0,4.5,41.60,37,108.80,35,68.35,
,6243D,3.2,3.5,3.5,5.0,4.0,3.5,4.0,4.0,36.80,41,145.60,40,110.05,
,207C,3.3,4.0,5.0,4.0,5.5,4.5,4.0,4.5,42.90,39,188.50,40,149.50,
,307C,3.3,5.0,5.5,4.5,5.0,5.0,5.5,5.0,49.50,39,238.00,41,191.80,
,109C,3.7,4.5,4.5,3.5,3.5,4.0,3.0,4.0,42.55,=40,280.55,41,239.25,
42,CHINGSHUBAM,IND,107B,3.0,3.5,4.5,4.0,4.0,4.0,4.0,4.5,36.00,41,36.00,41,53.10,
,Puskar Meitei,205B,2.9,2.0,3.0,4.0,3.5,3.0,4.0,3.5,29.00,42,65.00,42,112.15,
,305C,2.7,6.0,7.0,7.5,7.0,6.5,6.5,7.0,55.35,34,120.35,41,135.30,
,407C,3.2,4.0,3.0,5.0,4.5,4.5,4.0,4.5,41.60,40,161.95,42,176.05,
,5253B,3.2,4.5,6.0,5.5,6.0,5.5,4.0,5.0,51.20,38,213.15,42,216.65,
,6243D,3.2,5.0,6.0,5.5,6.0,6.0,6.0,5.5,56.00,35,269.15,42,250.65,
Note:
For more detail on the judges see Panel of Judges for this session.,
Legend:,
=
No.,Indicates the same rank by points Number,DD
No.,Degree of difficulty Number,Jn,Judge number n,
DVM002901_73E 1.0                                                                                                   Report created FRI 24 FEB 2012 17:22                                                                                                            Page 4 of 4,
,6245D,3.6,4.5,4.0,4.0,4.0,4.5,4.5,3.5,45.00,16,121.50,16,61.15,
,207C,3.3,8.0,7.5,7.0,7.5,8.0,8.0,8.0,77.55,10,199.05,14,77.65,
,407C,3.2,8.5,8.5,8.0,8.0,8.0,8.0,8.5,78.40,7,277.45,14,101.85,
,307C,3.3,8.0,7.5,7.5,7.5,7.5,7.0,7.5,74.25,=13,351.70,12,127.50,
,5255B,3.6,6.5,5.0,5.0,5.5,6.0,6.5,6.0,63.00,15,414.70,13,150.90,
14,VILLA CASTANEDA,COL,5253B,3.2,8.0,8.0,8.0,8.0,8.0,8.0,8.0,76.80,=8,76.80,=8,13.20,
,Sebastian,107B,3.0,8.0,7.0,8.5,8.0,7.5,8.0,7.0,70.50,13,147.30,12,35.35,
,626C,3.3,3.5,4.5,3.0,4.5,4.0,4.0,4.5,41.25,17,188.55,16,88.15,
,407C,3.2,8.0,8.5,8.0,8.0,8.5,8.0,8.0,76.80,8,265.35,16,113.95,
,207C,3.3,8.0,8.5,7.5,8.0,8.0,8.0,8.0,79.20,10,344.55,13,134.65,
,307C,3.3,6.5,6.5,5.5,7.0,6.5,6.5,6.5,64.35,14,408.90,14,156.70,
15,PARISI Hugo,BRA,107B,3.0,6.0,6.5,6.5,7.0,7.0,6.5,7.0,60.00,18,60.00,18,30.00,
,407C,3.2,7.5,7.0,8.0,7.5,7.5,7.5,7.5,72.00,11,132.00,14,50.65,
,207C,3.3,6.5,5.5,6.5,6.0,6.0,6.5,6.5,62.70,15,194.70,15,82.00,
,6245D,3.6,6.5,6.5,6.0,7.0,7.0,7.0,7.5,73.80,13,268.50,15,110.80,
,307C,3.3,5.5,5.0,4.5,5.5,6.0,6.0,6.0,56.10,15,324.60,16,154.60,
,5255B,3.6,7.0,6.5,7.0,7.5,7.0,7.0,6.5,75.60,=11,400.20,15,165.40,
16,PACHECO Rommel,MEX,407C,3.2,9.0,8.5,8.0,8.5,8.0,8.0,8.5,80.00,=6,80.00,=6,10.00,
,109C,3.7,0.0,0.0,0.0,0.0,0.0,0.0,0.0,0.00,=17,80.00,17,102.65,
,6243D,3.2,7.0,6.5,7.0,7.0,7.0,7.5,7.0,67.20,14,147.20,17,129.50,
,207C,3.3,8.5,9.0,8.0,9.0,8.5,8.5,9.0,85.80,2,233.00,17,146.30,
,307C,3.3,9.5,8.5,8.5,8.5,8.5,8.5,8.5,84.15,=6,317.15,17,162.05,
,5255B,3.6,7.5,7.5,7.0,7.0,7.5,8.0,7.0,79.20,9,396.35,16,169.25,
17,KAPTUR Vadim,BLR,5253B,3.2,7.0,6.5,7.0,7.5,7.5,8.0,7.5,70.40,15,70.40,15,19.60,
,6142D,3.1,6.5,7.5,8.0,7.5,7.5,8.0,8.0,71.30,12,141.70,13,40.95,
,207C,3.3,8.0,9.0,8.0,7.5,8.0,8.0,8.0,79.20,=6,220.90,11,55.80,
,307C,3.3,6.5,7.0,7.0,7.0,6.5,6.0,7.0,67.65,15,288.55,12,90.75,
,407C,3.2,5.0,5.5,5.0,5.5,5.5,6.0,5.0,51.20,16,339.75,15,139.45,
,109C,3.7,4.0,4.0,4.5,5.5,4.5,5.5,4.5,49.95,17,389.70,17,175.90,
18,GUERRA Jose A.,CUB,107B,3.0,8.0,8.0,8.0,8.0,8.0,8.0,8.0,72.00,=12,72.00,=12,18.00,
,207B,3.6,72.00,18,110.65,
,407C,3.2,72.00,18,204.70,
,6243D,3.2,72.00,18,307.30,
,307C,3.3,72.00,18,407.20,
,5255B,3.6,72.00,18,493.60,
Note:
For more detail on the judges see Panel of Judges for this session.,
Legend:,
=
No.,Indicates the same rank by points Number,DD
No.,Degree of difficulty Number,Jn,Judge number n,
Withdrawal of GUERRA OLIVA Jose Antonio (CUB) due to shoulder injury after round 1,
DVM002201_73E 1.0                                                                                                  Report created SAT 25 FEB 2012 11:46                                                                                                            Page 2 of 2,
5,BONDAR Oleksandr,UKR,466.05,9,471.15,7,499.95,
6,LIN Yue,CHN,519.80,1,508.55,2,493.00,
7,HAUSDING Patrick,GER,453.50,10,473.25,6,482.35,
8,BRYAN NICKSON Lomas,MAS,423.10,17,427.45,12,461.60,
9,WOLFRAM Martin,GER,466.40,8,442.00,11,453.40,
10,SANCHEZ German,MEX,489.60,5,455.25,8,448.35,
11,ESKILSSON Christofer,SWE,498.95,3,447.30,9,419.85,
12,GALPERIN Gleb,RUS,420.90,18,485.55,4,416.55,
13,MITCHAM Matthew,AUS,498.90,4,414.70,13,
14,VILLA CASTANEDA Sebastian,COL,439.20,13,408.90,14,
15,PARISI Hugo,BRA,431.40,14,400.20,15,
16,PACHECO Rommel,MEX,467.25,7,396.35,16,
17,KAPTUR Vadim,BLR,431.00,15,389.70,17,
18,GUERRA Jose A.,CUB,449.85,11,72.00,18,
19,DELL'UOMO Francesco,ITA,415.15,19,
20,ZAKHAROV Anton,UKR,412.70,20,
21,GISMERVICK Amund,NOR,407.85,21,
22,AGUIRRE Jeinkler,CUB,404.60,22,
23,HYON JU Ri,PRK,402.10,23,
24,McCORMICK Riley,CAN,401.35,24,
25,ORTEGA Victor,COL,394.65,25,
26,ZENG Tian Yi,HKG,391.20,26,
27,MURAKAMI Kazuki,JPN,381.95,27,
28,CHIARBINI Andrea,ITA,379.45,28,
29,SEHN Eric,CAN,377.40,29,
30,HORDEICHIK Timofei,BLR,373.45,30,
31,BRICK Max,GBR,368.20,31,
32,IL MYONG Hyon,PRK,366.55,32,
33,TZE LIANG Ooi,MAS,363.75,33,
34,PARK Jiho,KOR,363.05,34,
35,FINCHUM Thomas,USA,358.95,35,
36,ROJAS Walter,VEN,357.85,36,
37,DURAN Cassius,BRA,353.00,37,
38,OH Yitaek,KOR,330.00,38,
39,TZIFAS Michail Panagiotis,GRE,312.65,39,
40,LIRANZO Jesus,VEN,300.65,40,
41,TOLVERS Jesper,SWE,280.55,41,
42,CHINGSHUBAM Puskar Meitei,IND,269.15,42,
DVM002000_74 1.0                                                                                                     Report created SAT 25 FEB 2012 20:10                                                                                                            Page 1 of 1,
