Detailed Results,
R<8e>sultats d<8e>taill<8e>s,
Rank,Name,Ctry Code,Dive No.,DD,Judge's Score,Dive Points,Dive Rank,Total Points,Overall Rank,Points Behind,
,J1,J2,J3,J4,J5,J6,J7,
1,CHEN Ruolin,CHN,107B,3.0,9.0,9.0,9.0,8.5,9.0,9.0,9.0,81.00,1,81.00,1,
,407C,3.2,8.5,8.0,9.0,8.5,8.5,8.5,9.0,81.60,1,162.60,1,
,6243D,3.2,7.5,8.0,8.5,8.5,7.5,8.5,8.0,78.40,1,241.00,1,
,207C,3.3,8.5,8.0,8.5,8.0,8.0,8.5,8.0,80.85,1,321.85,1,
,5253B,3.2,8.5,8.5,8.5,8.5,9.0,8.0,8.0,81.60,1,403.45,1,
2,KOLTUNOVA Yulia,RUS,6142D,3.1,7.0,7.0,6.5,6.0,7.0,7.0,6.5,63.55,12,63.55,12,17.45,
,207C,3.3,7.0,7.5,8.0,8.0,7.5,7.5,8.0,75.90,3,139.45,2,23.15,
,107B,3.0,7.0,7.5,7.5,7.5,8.0,7.0,7.0,66.00,8,205.45,2,35.55,
,407C,3.2,5.0,6.5,6.0,7.0,6.5,6.5,6.5,62.40,13,267.85,3,54.00,
,5253B,3.2,7.5,7.5,8.0,7.5,7.5,7.5,7.5,72.00,4,339.85,2,63.60,
3,STEUER Christin,GER,405B,2.8,6.5,7.0,6.5,7.0,6.0,6.5,7.0,56.00,27,56.00,27,25.00,
,5253B,3.2,8.0,8.0,8.0,8.0,8.0,8.0,8.0,76.80,2,132.80,6,29.80,
,6243D,3.2,7.0,7.0,7.5,7.0,7.0,7.0,7.0,67.20,7,200.00,5,41.00,
,205B,2.9,8.5,8.5,8.0,8.5,7.5,8.0,8.5,72.50,3,272.50,2,49.35,
,107B,3.0,7.0,7.5,7.5,7.0,7.0,7.5,8.0,66.00,10,338.50,3,64.95,
4,MENDOZA Carolina,MEX,107B,3.0,7.0,7.5,7.5,8.0,7.5,8.0,7.5,67.50,7,67.50,7,13.50,
,305C,2.7,8.5,8.0,7.5,8.5,7.5,8.0,8.5,66.15,8,133.65,4,28.95,
,626C,3.3,7.5,7.0,7.0,7.5,7.0,6.5,7.0,69.30,6,202.95,3,38.05,
,407C,3.2,7.0,6.5,7.0,6.5,7.5,6.5,6.5,64.00,9,266.95,4,54.90,
,5253B,3.2,6.5,7.0,7.5,7.5,7.0,6.5,6.0,65.60,11,332.55,4,70.90,
5,BENFEITO Meaghan,CAN,107B,3.0,7.5,7.0,8.0,8.0,8.0,7.5,8.0,70.50,=4,70.50,=4,10.50,
,207C,3.3,6.0,5.5,6.5,6.0,6.5,6.5,6.5,62.70,13,133.20,5,29.40,
,407C,3.2,6.0,7.0,6.5,6.5,7.0,6.0,6.5,62.40,=9,195.60,6,45.40,
,626C,3.3,7.0,7.0,6.5,7.0,7.0,7.0,6.5,69.30,=5,264.90,5,56.95,
,5253B,3.2,7.0,7.0,5.5,6.0,6.5,7.0,6.0,62.40,=15,327.30,5,76.15,
6,GLADDING Monique,GBR,405B,2.8,7.5,7.5,7.5,7.5,7.5,7.5,7.5,63.00,=13,63.00,=13,18.00,
,5253B,3.2,6.5,6.5,7.5,7.0,7.0,7.0,7.0,67.20,=6,130.20,=9,32.40,
,6243D,3.2,7.5,7.0,7.5,7.5,7.5,7.5,7.0,72.00,=3,202.20,4,38.80,
,205B,2.9,6.5,6.5,6.0,6.0,6.0,6.5,6.5,55.10,19,257.30,7,64.55,
,107B,3.0,7.0,7.0,6.5,7.0,6.5,7.0,7.0,63.00,=13,320.30,6,83.15,
7,WIGGINS Loudy,AUS,107B,3.0,6.0,6.0,5.0,6.0,6.5,6.5,7.0,55.50,=28,55.50,=28,25.50,
,407C,3.2,7.0,6.0,6.5,6.0,6.0,6.5,6.5,60.80,17,116.30,20,46.30,
,6243D,3.2,7.5,7.5,7.5,7.5,8.0,7.5,7.5,72.00,=3,188.30,9,52.70,
,207C,3.3,7.5,7.5,7.0,6.5,6.5,7.5,6.5,69.30,=5,257.60,6,64.25,
,5253B,3.2,6.5,6.5,6.0,6.5,6.0,7.0,6.0,60.80,=19,318.40,7,85.05,
8,NAKAGAWA Mai,JPN,405B,2.8,8.0,8.0,8.0,8.5,8.5,8.0,8.5,68.60,6,68.60,6,12.40,
,107B,3.0,7.0,7.0,6.5,7.0,7.0,6.0,7.0,63.00,=11,131.60,8,31.00,
,207C,3.3,5.5,4.5,4.5,5.0,4.0,6.0,5.0,47.85,25,179.45,12,61.55,
,305B,2.9,7.5,7.0,6.0,7.5,7.0,7.5,7.0,62.35,14,241.80,10,80.05,
,5253B,3.2,8.5,8.0,8.0,7.5,7.5,8.0,7.5,75.20,2,317.00,8,86.45,
9,FILION Roseline,CAN,407C,3.2,6.0,5.5,7.0,6.5,6.5,6.0,6.5,60.80,18,60.80,18,20.20,
,207C,3.3,5.0,5.5,5.5,5.5,6.5,5.5,6.0,54.45,22,115.25,22,47.35,
,107B,3.0,6.0,6.0,6.5,7.5,6.5,6.5,6.0,57.00,19,172.25,16,68.75,
,626C,3.3,7.5,7.5,7.5,7.5,7.0,7.5,7.0,74.25,2,246.50,=8,75.35,
,5253B,3.2,7.5,7.5,6.5,7.0,7.0,7.5,7.5,70.40,5,316.90,9,86.55,
10,KURJO Maria,GER,107B,3.0,8.0,7.5,8.0,8.0,7.5,8.0,7.5,70.50,=4,70.50,=4,10.50,
,6243D,3.2,6.5,7.5,7.5,7.5,6.5,7.5,6.5,68.80,5,139.30,3,23.30,
,407C,3.2,3.0,4.0,4.5,4.0,3.5,4.0,4.0,38.40,30,177.70,14,63.30,
,5253B,3.2,7.0,8.0,8.0,7.5,7.0,6.5,7.0,68.80,7,246.50,=8,75.35,
,205B,2.9,7.0,7.5,6.5,7.5,6.5,7.5,7.5,63.80,12,310.30,10,93.15,
11,PAMG Pandelela,MAS,107B,3.0,6.0,6.0,6.0,5.5,6.0,6.0,6.5,54.00,=30,54.00,=30,27.00,
,Rinong,205B,2.9,7.0,7.5,7.0,7.0,7.5,7.0,7.5,62.35,15,116.35,19,46.25,
,6243D,3.2,6.5,6.5,7.0,7.0,6.5,6.0,6.0,62.40,=9,178.75,13,62.25,
,407C,3.2,6.0,6.0,6.5,6.0,7.0,6.5,5.5,59.20,=15,237.95,12,83.90,
,5253B,3.2,7.0,7.0,6.5,7.0,7.5,7.0,7.0,67.20,=7,305.15,11,98.30,
12,HU Yadan,CHN,107B,3.0,7.5,8.0,8.0,8.0,8.0,8.5,8.5,72.00,3,72.00,3,9.00,
,407C,3.2,4.0,4.5,5.0,5.5,3.5,4.5,4.5,43.20,32,115.20,23,47.40,
,6243D,3.2,7.5,8.0,8.0,8.0,7.5,7.5,8.0,75.20,2,190.40,8,50.60,
,207C,3.3,4.0,4.0,4.0,4.0,4.5,4.5,4.0,39.60,=33,230.00,16,91.85,
,5253B,3.2,8.0,7.5,7.5,7.5,8.5,7.0,8.0,73.60,3,303.60,12,99.85,
13,ORTIZ Tatiana,MEX,107B,3.0,6.5,6.5,7.0,7.0,8.0,8.0,7.5,64.50,11,64.50,11,16.50,
,626C,3.3,6.0,6.0,6.5,6.0,6.0,6.0,6.5,59.40,18,123.90,13,38.70,
,207C,3.3,6.0,6.0,5.5,5.5,5.5,6.0,6.0,57.75,17,181.65,11,59.35,
,407C,3.2,6.0,5.5,5.5,5.5,6.0,5.5,5.5,52.80,=23,234.45,14,87.40,
,5253B,3.2,7.5,6.5,7.0,7.0,7.0,7.5,7.0,67.20,=7,301.65,13,101.80,
DVW002901_73E 1.0                                                                                                 Report created MON 20 FEB 2012 16:53                                                                                                           Page 1 of 4,
Detailed Results,
R<8e>sultats d<8e>taill<8e>s,
Rank,Name,Ctry Code,Dive No.,DD,Judge's Score,Dive Points,Dive Rank,Total Points,Overall Rank,Points Behind,
,J1,J2,J3,J4,J5,J6,J7,
14,POWELL Stacie,GBR,5253B,3.2,7.5,7.0,7.5,7.0,6.5,7.0,7.0,67.20,8,67.20,8,13.80,
,6243D,3.2,5.5,5.5,5.5,5.5,5.0,5.5,5.5,52.80,=23,120.00,17,42.60,
,207C,3.3,5.0,5.0,4.5,4.5,5.0,5.5,5.0,49.50,=23,169.50,18,71.50,
,107B,3.0,7.0,6.5,7.0,7.0,7.0,7.5,7.0,63.00,=10,232.50,15,89.35,
,407C,3.2,7.0,7.0,6.0,7.0,6.5,7.0,7.0,67.20,=7,299.70,14,103.75,
15,BATKI Noemi,ITA,107B,3.0,4.5,5.5,6.0,5.5,6.0,6.0,6.0,52.50,34,52.50,34,28.50,
,205B,2.9,6.5,6.5,7.0,7.0,7.0,7.0,7.0,60.90,16,113.40,24,49.20,
,5253B,3.2,7.0,7.5,7.5,8.0,7.0,7.5,7.5,72.00,=3,185.40,10,55.60,
,407C,3.2,5.0,5.5,5.5,5.5,5.5,4.5,4.5,51.20,=25,236.60,13,85.25,
,305C,2.7,7.5,7.5,8.5,7.5,7.5,8.0,7.0,60.75,21,297.35,15,106.10,
16,TUKIET Traisy Vivien,MAS,107B,3.0,7.0,7.0,7.5,6.5,7.0,7.0,7.0,63.00,=13,63.00,=13,18.00,
,407C,3.2,7.0,7.0,7.0,7.0,7.0,6.5,7.0,67.20,=6,130.20,=9,32.40,
,205B,2.9,7.5,7.0,7.0,7.5,8.0,7.0,7.0,62.35,=11,192.55,7,48.45,
,305C,2.7,6.0,6.0,6.0,6.0,7.0,6.0,7.0,48.60,=28,241.15,11,80.70,
,5253B,3.2,4.5,4.0,4.0,4.5,4.0,4.5,4.5,41.60,=36,282.75,16,120.70,
17,UN HYANG Kim,PRK,107B,3.0,6.5,6.0,6.5,6.5,6.5,6.5,7.0,58.50,=23,58.50,=23,22.50,
,407C,3.2,7.0,7.0,6.5,6.5,4.5,5.5,7.0,64.00,10,122.50,14,40.10,
,207C,3.3,5.0,4.5,5.0,5.0,5.5,4.5,5.0,49.50,=23,172.00,17,69.00,
,626C,3.3,5.5,4.5,5.5,4.5,4.5,4.5,4.0,44.55,31,216.55,20,105.30,
,5253B,3.2,7.0,5.5,6.5,6.5,7.0,6.5,6.5,62.40,=15,278.95,17,124.50,
18,ISHIMATSU Haley,USA,6142D,3.1,7.0,6.5,6.0,7.0,7.0,6.5,6.5,62.00,17,62.00,17,19.00,
,107B,3.0,7.5,7.5,8.0,8.0,8.0,7.5,8.5,70.50,4,132.50,7,30.10,
,407C,3.2,4.0,4.0,4.5,5.0,4.5,6.0,4.5,43.20,=26,175.70,15,65.30,
,207C,3.3,3.5,4.0,4.0,4.0,4.0,4.5,4.0,39.60,=33,215.30,21,106.55,
,5253B,3.2,6.5,6.5,5.5,6.5,6.5,6.0,6.0,60.80,=19,276.10,18,127.35,
19,KORMOS Villo,HUN,305C,2.7,8.0,7.5,7.0,7.5,7.5,7.5,7.5,60.75,19,60.75,19,20.25,
,Gyongyver,205B,2.9,6.0,6.0,5.0,6.5,5.5,6.0,5.0,50.75,25,111.50,26,51.10,
,624B,2.8,7.0,7.0,6.0,6.5,6.5,6.0,6.5,*37.80,31,149.30,29,91.70,
,405B,2.8,7.5,7.5,7.0,7.5,7.0,7.5,7.5,63.00,=10,212.30,22,109.55,
,5235D,2.8,7.5,7.5,7.5,8.0,7.5,7.0,5.5,63.00,=13,275.30,19,128.15,
20,BETANCOURT Maria,VEN,405B,2.8,7.0,6.0,6.0,7.0,7.5,6.5,7.0,57.40,26,57.40,26,23.60,
,107B,3.0,6.5,7.0,7.5,6.0,5.5,6.5,6.5,58.50,=19,115.90,21,46.70,
,205B,2.9,4.0,3.5,4.0,4.0,4.0,4.5,4.0,34.80,33,150.70,27,90.30,
,6241B,2.7,7.0,7.0,7.5,7.0,7.5,7.0,7.0,56.70,18,207.40,24,114.45,
,5253B,3.2,6.5,6.5,7.0,6.5,6.0,6.5,6.5,62.40,=15,269.80,20,133.65,
21,BELL Katie,USA,107B,3.0,4.0,4.0,5.0,4.0,5.5,4.0,4.5,37.50,39,37.50,39,43.50,
,305B,2.9,7.5,7.5,7.5,7.0,7.5,6.5,7.5,65.25,9,102.75,28,59.85,
,407C,3.2,6.0,5.5,6.5,6.5,5.0,6.5,6.0,59.20,16,161.95,22,79.05,
,207C,3.3,5.5,5.5,7.0,6.5,7.0,6.5,6.0,62.70,12,224.65,17,97.20,
,5253B,3.2,4.5,4.5,4.5,4.5,4.5,5.0,5.0,43.20,34,267.85,21,135.60,
22,BUGG Rachel,AUS,107B,3.0,8.0,8.5,8.5,7.5,8.0,8.5,8.0,73.50,2,73.50,2,7.50,
,407C,3.2,5.5,5.5,5.5,5.5,4.5,6.0,5.5,52.80,=23,126.30,11,36.30,
,626C,3.3,3.5,3.5,3.5,3.5,4.5,4.5,3.5,34.65,34,160.95,23,80.05,
,207C,3.3,3.5,3.5,4.5,4.0,4.0,3.5,4.0,37.95,35,198.90,28,122.95,
,5253B,3.2,7.5,7.0,8.0,7.0,7.0,7.0,7.5,68.80,6,267.70,22,135.75,
23,LABEAU Audrey,FRA,5253B,3.2,6.0,6.0,6.0,6.0,5.5,6.0,5.0,57.60,25,57.60,25,23.40,
,107B,3.0,5.0,4.5,5.0,5.0,5.0,6.0,5.0,45.00,29,102.60,29,60.00,
,205B,2.9,7.5,7.0,7.0,7.0,6.5,7.0,7.0,60.90,=13,163.50,21,77.50,
,405B,2.8,6.5,6.0,6.0,6.5,6.5,6.5,6.0,53.20,22,216.70,19,105.15,
,6243D,3.2,5.0,5.0,5.5,6.0,6.5,5.0,5.0,49.60,=29,266.30,23,137.15,
24,POPOVICI Corina,ROU,405B,2.8,7.5,7.5,7.0,7.5,7.0,8.0,7.5,63.00,=13,63.00,=13,18.00,
,6243D,3.2,6.5,6.5,6.5,6.5,6.5,6.0,6.0,62.40,14,125.40,12,37.20,
,205B,2.9,5.0,5.5,4.5,4.0,5.5,4.5,5.0,42.05,28,167.45,19,73.55,
,107B,3.0,4.5,4.0,4.5,4.0,4.5,4.0,4.0,37.50,36,204.95,25,116.90,
,5253B,3.2,5.5,6.0,5.5,6.0,6.0,5.5,6.0,56.00,=24,260.95,24,142.50,
25,TATSUMI Fuka,JPN,5152B,2.9,7.5,7.0,7.5,7.5,7.5,7.5,7.5,65.25,=9,65.25,=9,15.75,
,305B,2.9,3.0,3.0,2.5,3.0,2.0,4.0,3.0,26.10,37,91.35,33,71.25,
,207C,3.3,6.0,5.5,6.5,6.0,6.0,5.5,6.0,59.40,15,150.75,26,90.25,
,107B,3.0,8.0,8.0,8.0,7.5,8.0,8.0,7.5,72.00,4,222.75,18,99.10,
,407C,3.2,3.5,3.5,4.5,3.5,5.0,3.5,4.0,35.20,39,257.95,25,145.50,
26,CHO Eunbi,KOR,405B,2.8,7.5,7.0,6.5,7.0,7.5,6.5,7.0,58.80,=20,58.80,=20,22.20,
,107B,3.0,7.0,6.5,7.0,7.0,7.0,7.5,7.0,63.00,=11,121.80,15,40.80,
,205B,2.9,1.5,1.5,2.0,1.5,2.0,1.5,1.5,13.05,40,134.85,33,106.15,
,5253B,3.2,6.5,7.0,7.0,7.0,7.5,6.0,6.5,65.60,8,200.45,27,121.40,
,626C,3.3,5.5,5.5,6.5,6.5,6.0,5.5,5.5,56.10,23,256.55,26,146.90,
DVW002901_73E 1.0                                                                                                 Report created MON 20 FEB 2012 16:53                                                                                                           Page 2 of 4,
Detailed Results,
R<8e>sultats d<8e>taill<8e>s,
Rank,Name,Ctry Code,Dive No.,DD,Judge's Score,Dive Points,Dive Rank,Total Points,Overall Rank,Points Behind,
,J1,J2,J3,J4,J5,J6,J7,
27,KIM Suji,KOR,405B,2.8,7.5,7.0,7.0,6.5,7.0,7.0,7.0,58.80,=20,58.80,=20,22.20,
,107B,3.0,2.5,2.5,2.0,2.5,3.0,3.5,2.5,22.50,39,81.30,36,81.30,
,205B,2.9,7.0,7.0,7.0,7.0,7.5,7.0,7.0,60.90,=13,142.20,30,98.80,
,305C,2.7,6.5,6.0,7.5,6.5,6.5,7.0,7.0,54.00,21,196.20,29,125.65,
,5253B,3.2,6.0,5.5,6.5,6.0,5.5,4.5,6.0,56.00,=24,252.20,27,151.25,
28,REISINGER Zsofia,HUN,405B,2.8,7.5,7.5,7.5,7.0,8.0,7.5,7.5,63.00,=13,63.00,=13,18.00,
,5235D,2.8,6.0,6.5,6.0,5.5,5.5,6.5,5.5,49.00,27,112.00,25,50.60,
,614B,2.4,7.0,8.0,7.5,7.5,7.0,6.5,7.5,52.80,20,164.80,20,76.20,
,305C,2.7,5.0,5.0,5.0,6.5,5.5,5.5,5.5,43.20,32,208.00,23,113.85,
,107B,3.0,4.0,4.5,5.0,3.5,4.0,4.5,4.0,37.50,38,245.50,28,157.95,
29,RAMIREZ Lisette,VEN,107B,3.0,5.5,6.0,6.5,5.5,6.0,6.5,6.0,54.00,=30,54.00,=30,27.00,
,6241B,2.7,6.0,5.5,5.5,6.5,5.5,6.0,6.0,47.25,28,101.25,30,61.35,
,5253B,3.2,5.0,6.0,6.0,6.0,5.5,6.0,6.0,57.60,18,158.85,24,82.15,
,205B,2.9,4.0,4.0,3.5,3.5,4.0,5.0,4.0,34.80,38,193.65,30,128.20,
,407C,3.2,5.0,5.0,4.5,5.5,5.5,4.5,5.5,49.60,=29,243.25,29,160.20,
30,RIBERA Annia,CUB,405B,2.8,7.0,7.0,7.0,7.0,7.0,6.5,7.0,58.80,=20,58.80,=20,22.20,
,107B,3.0,6.5,6.5,6.0,6.5,7.0,6.5,6.5,58.50,=19,117.30,18,45.30,
,205B,2.9,2.0,2.5,2.5,2.5,3.0,2.0,2.5,21.75,39,139.05,31,101.95,
,6243D,3.2,5.5,5.0,5.0,5.5,5.5,5.0,5.5,51.20,=25,190.25,31,131.60,
,5253B,3.2,5.5,5.0,6.0,5.5,5.5,5.0,5.5,52.80,=26,243.05,30,160.40,
31,MENDES Andressa,BRA,614B,2.4,5.5,5.5,5.5,6.5,6.5,5.5,6.0,40.80,37,40.80,37,40.20,
,5152B,2.9,5.5,5.0,6.0,5.5,6.5,6.0,5.5,49.30,26,90.10,34,72.50,
,305C,2.7,5.0,5.5,6.0,5.5,5.5,4.5,5.0,43.20,=26,133.30,34,107.70,
,107C,2.7,6.5,5.5,6.5,6.0,6.0,6.0,5.5,48.60,=28,181.90,32,139.95,
,407C,3.2,5.5,6.0,6.0,5.5,5.5,5.5,5.5,52.80,=26,234.70,31,168.75,
32,MARTINEZ Angely,PUR,614B,2.4,6.5,6.5,7.0,6.5,7.0,7.0,6.0,48.00,36,48.00,36,33.00,
,205B,2.9,4.0,3.5,4.0,3.5,4.0,4.0,4.5,34.80,36,82.80,35,79.80,
,5251B,2.6,3.0,3.5,4.0,3.0,1.5,3.0,2.5,23.40,38,106.20,40,134.80,
,407C,3.2,5.5,6.0,6.5,6.5,6.5,6.0,6.0,59.20,=15,165.40,39,156.45,
,107B,3.0,7.0,7.0,7.5,7.0,6.0,6.0,6.5,61.50,18,226.90,32,176.55,
33,AIACOBOAE Mara,ROU,6241B,2.7,7.0,7.0,6.5,6.0,6.5,7.0,6.5,54.00,=30,54.00,=30,27.00,
,Elena,207C,3.3,1.5,2.0,1.5,2.5,2.0,2.0,2.0,19.80,40,73.80,39,88.80,
,107B,3.0,4.5,4.5,5.5,5.0,4.5,4.5,4.0,40.50,29,114.30,39,126.70,
,407C,3.2,5.5,5.5,6.0,6.5,6.0,5.5,5.5,54.40,20,168.70,37,153.15,
,5253B,3.2,5.5,6.0,6.0,6.5,6.0,5.5,6.0,57.60,22,226.30,33,177.15,
34,GOVOR Daria,RUS,107B,3.0,6.5,6.5,6.0,6.5,7.0,7.0,6.5,58.50,=23,58.50,=23,22.50,
,407C,3.2,4.5,4.5,4.5,4.0,5.0,5.0,5.0,44.80,=30,103.30,27,59.30,
,207C,3.3,3.0,3.0,3.0,3.5,3.0,2.5,3.0,29.70,36,133.00,35,108.00,
,5253B,3.2,5.5,5.0,5.5,4.5,4.5,4.0,5.0,46.40,30,179.40,33,142.45,
,614B,2.4,6.5,6.5,6.5,6.5,6.0,6.5,6.5,46.80,=32,226.20,34,177.25,
35,van KATWIJK Ginni,NED,5152B,2.9,7.5,7.0,8.0,7.5,8.0,7.5,7.5,65.25,=9,65.25,=9,15.75,
,107C,2.7,7.0,6.5,7.0,6.5,7.0,6.0,7.5,55.35,21,120.60,16,42.00,
,405B,2.8,3.0,4.0,3.5,4.5,4.0,4.0,3.5,32.20,35,152.80,25,88.20,
,205B,2.9,2.5,2.5,2.5,2.5,3.0,3.5,2.0,21.75,40,174.55,35,147.30,
,614B,2.4,6.0,7.0,6.0,7.5,7.0,6.5,6.0,46.80,=32,221.35,35,182.10,
36,JIN OK Kim,PRK,107B,3.0,5.5,6.0,6.0,6.5,6.0,6.5,6.5,55.50,=28,55.50,=28,25.50,
,407C,3.2,3.5,5.0,4.5,3.5,3.5,4.5,4.5,40.00,=33,95.50,32,67.10,
,207C,3.3,2.5,2.5,2.5,3.0,3.5,2.5,2.5,24.75,37,120.25,37,120.75,
,6142D,3.1,6.5,6.5,6.0,7.0,6.0,5.5,6.5,58.90,17,179.15,34,142.70,
,5253B,3.2,4.0,5.0,4.0,4.5,4.5,3.0,5.0,41.60,=36,220.75,36,182.70,
37,POTYEKHINA,UKR,107B,3.0,4.5,4.5,4.5,4.0,4.5,4.5,4.5,40.50,38,40.50,38,40.50,
,Viktoriya,407C,3.2,4.5,4.5,4.0,4.5,4.0,4.0,4.0,40.00,=33,80.50,37,82.10,
,207C,3.3,3.5,3.5,4.0,4.0,3.5,4.0,3.5,36.30,32,116.80,38,124.20,
,5253B,3.2,5.5,5.0,5.5,5.0,5.0,5.5,6.0,51.20,=25,168.00,38,153.85,
,626C,3.3,3.5,4.5,5.5,5.0,5.5,5.0,5.0,49.50,31,217.50,37,185.95,
38,SPAZIANI Brenda,ITA,405B,2.8,6.0,6.5,6.0,5.5,6.0,5.5,6.5,50.40,35,50.40,35,30.60,
,107B,3.0,3.0,3.0,2.5,2.5,2.5,3.5,3.0,25.50,38,75.90,38,86.70,
,205B,2.9,7.5,7.0,7.0,7.5,6.5,7.0,7.5,62.35,=11,138.25,32,102.75,
,6243D,3.2,3.0,3.0,3.5,3.5,4.0,3.0,3.5,32.00,39,170.25,36,151.60,
,5235D,2.8,5.5,5.0,4.5,5.5,5.0,5.0,5.0,42.00,35,212.25,38,191.20,
39,LAATUNEN Iira,FIN,405B,2.8,4.0,4.5,3.5,4.5,4.0,4.5,3.5,35.00,40,35.00,40,46.00,
,107C,2.7,5.0,4.5,5.0,3.5,4.0,4.0,4.5,35.10,35,70.10,40,92.50,
,6241B,2.7,6.0,6.5,6.5,6.5,6.5,6.0,6.0,51.30,21,121.40,36,119.60,
,5253B,3.2,4.0,3.5,3.5,4.5,4.5,3.5,3.5,35.20,37,156.60,40,165.25,
,205B,2.9,6.0,5.5,6.0,6.5,5.5,5.5,6.0,50.75,28,207.35,39,196.10,
DVW002901_73E 1.0                                                                                                 Report created MON 20 FEB 2012 16:53                                                                                                           Page 3 of 4,
Detailed Results,
R<8e>sultats d<8e>taill<8e>s,
Rank,Name,Ctry Code,Dive No.,DD,Judge's Score,Dive Points,Dive Rank,Total Points,Overall Rank,Points Behind,
,J1,J2,J3,J4,J5,J6,J7,
40,CHAPLENKO Alina,UKR,107B
407C
207C
5253B
626C,3.0
3.2
3.3
3.2
3.3,6.0
4.0
4.5
6.5
0.0,5.5
5.0
5.0
5.5
0.0,6.0
4.5
5.0
5.5
0.0,5.5
5.0
5.5
5.5
0.0,6.0
4.0
5.5
6.0
0.0,6.0
5.5
5.0
5.5
0.0,6.5
4.5
6.0
5.0
0.0,54.00
44.80
51.15
52.80
0.00,=30
=30
22
=23
40,54.00
98.80
149.95
202.75
202.75,=30
31
28
26
40,27.00
63.80
91.05
119.10
200.70,
Note:
For more detail on the judges see Panel of Judges for this session.,
Legend:,
*,Penalty of 2.0 point deduction due to restart,=,Indicates the same rank by points,DD,Degree of difficulty,
Jn,Judge number n,No.,Number,No.,Number,
DVW002901_73E 1.0                                                                                                 Report created MON 20 FEB 2012 16:53                                                                                                           Page 4 of 4,
Demi-finale,
Dive List,
Liste de plongeon,
Start Order,Name,Ctry Code,Round 1,Round 2,Round 3,Round 4,Round 5,
,Dive No.,DD,Dive No.,DD,Dive No.,DD,Dive No.,DD,Dive No.,DD,
1,ISHIMATSU Haley,USA,6142D,3.1,107B,3.0,407C,3.2,207C,3.3,5253B,3.2,
2,UN HYANG Kim,PRK,107B,3.0,407C,3.2,207C,3.3,626C,3.3,5253B,3.2,
3,TUKIET Traisy Vivien,MAS,107B,3.0,407C,3.2,205B,2.9,305C,2.7,5253B,3.2,
4,BATKI Noemi,ITA,107B,3.0,205B,2.9,5253B,3.2,407C,3.2,305C,2.7,
5,POWELL Stacie,GBR,5253B,3.2,6243D,3.2,207C,3.3,107B,3.0,407C,3.2,
6,ORTIZ Tatiana,MEX,107B,3.0,626C,3.3,207C,3.3,407C,3.2,5253B,3.2,
7,HU Yadan,CHN,107B,3.0,407C,3.2,6243D,3.2,207C,3.3,5253B,3.2,
8,PAMG Pandelela Rinong,MAS,107B,3.0,205B,2.9,6243D,3.2,407C,3.2,5253B,3.2,
9,KURJO Maria,GER,107B,3.0,6243D,3.2,407C,3.2,5253B,3.2,205B,2.9,
10,FILION Roseline,CAN,407C,3.2,207C,3.3,107B,3.0,626C,3.3,5253B,3.2,
11,NAKAGAWA Mai,JPN,405B,2.8,107B,3.0,207C,3.3,305B,2.9,5253B,3.2,
12,WIGGINS Loudy,AUS,107B,3.0,407C,3.2,6243D,3.2,207C,3.3,5253B,3.2,
13,GLADDING Monique,GBR,405B,2.8,5253B,3.2,6243D,3.2,205B,2.9,107B,3.0,
14,BENFEITO Meaghan,CAN,107B,3.0,207C,3.3,407C,3.2,626C,3.3,5253B,3.2,
15,MENDOZA Carolina,MEX,107B,3.0,305C,2.7,626C,3.3,407C,3.2,5253B,3.2,
16,STEUER Christin,GER,405B,2.8,5253B,3.2,6243D,3.2,205B,2.9,107B,3.0,
17,KOLTUNOVA Yulia,RUS,6142D,3.1,207C,3.3,107B,3.0,407C,3.2,5253B,3.2,
18,CHEN Ruolin,CHN,107B,3.0,407C,3.2,6243D,3.2,207C,3.3,5253B,3.2,
Legend:
DD          Degree of difficulty          No.          Number,
DVW002201_51E 1.0                                                                                                 Report created MON 20 FEB 2012 18:41                                                                                                           Page 1 of 1,
Demi-finale,
Detailed Results,
R<8e>sultats d<8e>taill<8e>s,
Rank,Name,Ctry Code,Dive No.,DD,Judge's Score,Dive Points,Dive Rank,Total Points,Overall Rank,Points Behind,
,J1,J2,J3,J4,J5,J6,J7,
1,CHEN Ruolin,CHN,107B,3.0,8.5,8.0,8.5,7.5,8.0,8.0,8.0,72.00,2,72.00,2,1.60,
,407C,3.2,8.0,8.5,8.5,8.0,8.0,8.0,8.0,76.80,=1,148.80,1,
,6243D,3.2,8.5,8.0,7.5,8.0,8.0,8.0,8.5,76.80,2,225.60,1,
,207C,3.3,8.0,7.5,7.0,7.0,7.0,7.0,7.0,69.30,=4,294.90,1,
,5253B,3.2,8.0,9.0,8.5,8.0,8.0,8.0,8.5,78.40,=2,373.30,1,
2,HU Yadan,CHN,107B,3.0,4.0,4.0,3.0,3.5,4.0,4.0,3.5,34.50,18,34.50,18,39.10,
,407C,3.2,8.0,8.0,8.0,7.0,8.0,8.5,8.0,76.80,=1,111.30,17,37.50,
,6243D,3.2,9.0,9.0,8.5,8.5,9.0,8.5,9.5,84.80,1,196.10,6,29.50,
,207C,3.3,6.5,6.5,7.5,7.0,6.5,6.5,6.5,64.35,9,260.45,4,34.45,
,5253B,3.2,9.5,8.5,8.0,8.0,8.0,8.0,8.5,78.40,=2,338.85,2,34.45,
3,BATKI Noemi,ITA,107B,3.0,7.5,8.0,8.0,7.5,7.5,7.5,8.0,69.00,4,69.00,4,4.60,
,205B,2.9,7.0,6.5,6.0,6.5,6.5,6.5,6.5,56.55,16,125.55,9,23.25,
,5253B,3.2,7.5,8.0,7.5,8.0,7.5,8.0,8.0,75.20,3,200.75,3,24.85,
,407C,3.2,8.0,8.0,8.5,7.5,8.0,7.0,8.0,76.80,1,277.55,2,17.35,
,305C,2.7,5.5,4.5,5.0,6.0,5.0,5.5,5.5,43.20,17,320.75,3,52.55,
4,MENDOZA Carolina,MEX,107B,3.0,6.5,7.0,7.0,7.0,7.0,6.5,6.5,61.50,11,61.50,11,12.10,
,305C,2.7,8.0,8.0,9.0,8.0,7.5,8.0,8.5,64.80,12,126.30,8,22.50,
,626C,3.3,7.5,7.0,7.5,7.5,8.0,8.0,7.5,*54.45,11,180.75,12,44.85,
,407C,3.2,8.0,8.0,6.5,7.5,8.0,7.5,7.5,73.60,2,254.35,5,40.55,
,5253B,3.2,7.0,6.5,6.5,7.0,7.0,6.5,7.0,65.60,=12,319.95,4,53.35,
5,FILION Roseline,CAN,407C,3.2,5.5,6.0,6.0,5.5,6.5,6.0,6.0,57.60,12,57.60,12,16.00,
,207C,3.3,6.0,6.5,7.0,6.5,6.5,7.0,7.0,66.00,=9,123.60,10,25.20,
,107B,3.0,6.5,7.0,6.0,6.5,6.5,6.5,6.5,58.50,10,182.10,11,43.50,
,626C,3.3,7.5,7.0,6.5,6.5,7.0,7.0,7.0,69.30,=4,251.40,6,43.50,
,5253B,3.2,7.0,6.5,6.5,7.5,7.0,7.0,6.5,65.60,=12,317.00,5,56.30,
6,STEUER Christin,GER,405B,2.8,5.0,5.5,5.0,5.5,5.0,6.0,5.5,44.80,17,44.80,17,28.80,
,5253B,3.2,7.5,7.5,8.0,7.5,7.5,7.5,7.5,72.00,=4,116.80,14,32.00,
,6243D,3.2,6.5,7.0,6.5,7.5,7.0,7.0,7.5,67.20,=5,184.00,9,41.60,
,205B,2.9,7.5,8.0,8.0,7.5,7.5,7.5,7.5,65.25,8,249.25,7,45.65,
,107B,3.0,7.5,7.0,7.5,7.5,7.0,7.5,7.0,66.00,11,315.25,6,58.05,
7,KOLTUNOVA Yulia,RUS,6142D,3.1,7.5,8.0,6.5,7.5,7.0,7.5,7.5,69.75,3,69.75,3,3.85,
,207C,3.3,6.0,6.5,7.0,6.0,6.0,6.0,5.5,59.40,14,129.15,7,19.65,
,107B,3.0,8.0,8.0,8.0,7.5,8.0,8.0,8.0,72.00,4,201.15,2,24.45,
,407C,3.2,4.5,4.5,5.5,4.5,4.5,5.0,5.5,44.80,17,245.95,9,48.95,
,5253B,3.2,7.5,7.5,7.0,7.0,7.0,7.5,7.0,68.80,=7,314.75,7,58.55,
8,ORTIZ Tatiana,MEX,107B,3.0,7.5,7.5,7.5,7.0,7.5,7.0,7.0,66.00,6,66.00,6,7.60,
,626C,3.3,6.5,7.0,7.5,6.5,7.0,7.0,6.0,67.65,7,133.65,5,15.15,
,207C,3.3,5.0,5.5,5.0,5.0,5.0,5.5,5.0,49.50,15,183.15,10,42.45,
,407C,3.2,7.0,7.0,7.0,6.5,7.0,6.5,6.5,65.60,=6,248.75,8,46.15,
,5253B,3.2,7.0,6.5,6.0,6.5,7.0,7.0,7.0,65.60,=12,314.35,8,58.95,
9,KURJO Maria,GER,107B,3.0,7.0,7.5,6.5,7.5,7.5,7.0,7.0,64.50,8,64.50,8,9.10,
,6243D,3.2,7.0,7.0,6.5,7.0,7.0,7.0,7.0,67.20,8,131.70,6,17.10,
,407C,3.2,5.0,4.5,4.5,4.5,4.5,5.0,5.0,44.80,17,176.50,13,49.10,
,5253B,3.2,6.5,6.5,7.5,7.5,7.0,6.5,7.0,65.60,=6,242.10,12,52.80,
,205B,2.9,7.0,7.5,8.0,7.5,8.0,8.0,7.5,66.70,10,308.80,9,64.50,
10,GLADDING Monique,GBR,405B,2.8,6.5,6.0,7.5,6.0,6.5,6.5,6.5,54.60,13,54.60,13,19.00,
,5253B,3.2,6.5,7.5,6.5,6.5,7.0,7.0,7.0,65.60,11,120.20,13,28.60,
,6243D,3.2,6.5,7.0,6.5,7.0,7.0,7.0,7.5,67.20,=5,187.40,8,38.20,
,205B,2.9,7.0,6.5,7.0,6.0,6.5,6.5,6.5,56.55,11,243.95,11,50.95,
,107B,3.0,7.0,6.5,7.5,7.0,7.0,7.0,7.0,63.00,15,306.95,10,66.35,
11,NAKAGAWA Mai,JPN,405B,2.8,8.0,8.0,8.0,8.5,8.5,8.0,8.5,68.60,5,68.60,5,5.00,
,107B,3.0,7.0,7.0,7.0,7.5,7.5,7.5,7.5,66.00,=9,134.60,3,14.20,
,207C,3.3,5.0,6.5,6.0,6.0,6.0,5.5,6.0,59.40,9,194.00,7,31.60,
,305B,2.9,4.5,4.0,4.5,5.0,4.5,4.5,4.0,39.15,18,233.15,13,61.75,
,5253B,3.2,8.0,7.5,7.5,8.0,7.5,7.5,7.5,72.00,5,305.15,11,68.15,
12,UN HYANG Kim,PRK,107B,3.0,7.5,6.5,7.5,6.5,7.0,7.0,7.0,63.00,=9,63.00,=9,10.60,
,407C,3.2,7.5,7.0,7.5,8.0,8.0,6.5,7.5,72.00,=4,135.00,2,13.80,
,207C,3.3,6.5,6.5,7.5,6.0,6.5,6.5,6.5,64.35,7,199.35,4,26.25,
,626C,3.3,5.0,4.5,4.5,5.0,4.5,5.0,4.5,46.20,16,245.55,10,49.35,
,5253B,3.2,5.5,6.0,6.5,6.5,6.0,5.5,6.0,57.60,16,303.15,12,70.15,
13,BENFEITO Meaghan,CAN,107B,3.0,6.0,5.5,5.5,5.5,5.5,5.5,5.5,49.50,=15,49.50,=15,24.10,
,207C,3.3,7.5,7.0,8.0,7.0,7.5,7.0,7.5,72.60,3,122.10,11,26.70,
,407C,3.2,5.5,6.0,5.5,5.0,5.5,5.5,5.5,52.80,=13,174.90,14,50.70,
,626C,3.3,4.5,5.0,5.0,5.5,5.0,5.0,4.5,49.50,=14,224.40,14,70.50,
,5253B,3.2,8.0,7.5,8.0,8.0,8.0,7.5,8.0,76.80,4,301.20,13,72.10,
DVW002201_73E 1.0                                                                                                  Report created TUE 21 FEB 2012 12:01                                                                                                            Page 1 of 2,
Demi-finale,
Detailed Results,
R<8e>sultats d<8e>taill<8e>s,
Rank,Name,Ctry Code,Dive No.,DD,Judge's Score,Dive Points,Dive Rank,Total Points,Overall Rank,Points Behind,
,J1,J2,J3,J4,J5,J6,J7,
14,WIGGINS Loudy,AUS,107B,3.0,7.5,7.0,6.5,7.5,7.0,7.0,7.0,63.00,=9,63.00,=9,10.60,
,407C,3.2,5.0,4.0,4.5,4.0,4.5,4.5,4.5,43.20,18,106.20,18,42.60,
,6243D,3.2,5.5,5.5,5.5,5.5,6.0,6.0,6.0,54.40,12,160.60,17,65.00,
,207C,3.3,5.0,6.0,5.5,5.0,5.5,5.5,5.0,52.80,13,213.40,17,81.50,
,5253B,3.2,9.0,8.0,9.0,8.5,9.0,8.0,8.0,81.60,1,295.00,14,78.30,
15,POWELL Stacie,GBR,5253B,3.2,7.0,7.5,8.0,8.0,8.0,7.5,7.5,73.60,1,73.60,1,14.40,
,6243D,3.2,6.0,6.5,6.0,6.5,6.0,6.5,6.5,60.80,13,134.40,4,
,207C,3.3,6.0,6.5,6.5,6.5,6.0,6.5,5.5,62.70,8,197.10,5,28.50,
,107B,3.0,8.5,7.5,8.0,8.0,8.5,8.0,8.0,72.00,3,269.10,3,25.80,
,407C,3.2,2.0,2.5,2.5,2.0,2.0,3.0,2.5,22.40,18,291.50,15,81.80,
16,PAMG Pandelela,MAS,107B,3.0,5.5,5.5,5.0,5.0,5.5,5.5,5.5,49.50,=15,49.50,=15,24.10,
,Rinong,205B,2.9,8.5,8.0,8.5,8.0,8.0,8.0,8.5,71.05,6,120.55,12,28.25,
,6243D,3.2,4.0,4.5,5.0,4.0,4.5,4.0,4.5,41.60,18,162.15,16,63.45,
,407C,3.2,6.0,6.0,5.0,6.0,6.0,6.0,6.0,57.60,10,219.75,15,75.15,
,5253B,3.2,7.0,8.0,7.5,6.5,7.0,7.0,7.5,68.80,=7,288.55,16,84.75,
17,ISHIMATSU Haley,USA,6142D,3.1,7.0,7.0,6.5,6.5,7.0,7.5,7.0,65.10,7,65.10,7,8.50,
,107B,3.0,5.5,5.0,5.5,6.0,5.5,6.0,5.5,49.50,17,114.60,15,34.20,
,407C,3.2,5.5,5.5,6.0,5.5,5.0,5.0,5.5,52.80,=13,167.40,15,58.20,
,207C,3.3,4.5,4.5,5.0,5.5,5.5,5.0,5.0,49.50,=14,216.90,16,78.00,
,5253B,3.2,7.5,7.0,7.5,7.5,7.0,7.0,7.5,70.40,6,287.30,17,86.00,
18,TUKIET Traisy Vivien,MAS,107B,3.0,6.0,6.0,6.5,5.5,6.0,6.0,5.5,54.00,14,54.00,14,19.60,
,407C,3.2,6.0,5.5,6.0,6.0,6.0,6.5,6.0,57.60,15,111.60,16,37.20,
,205B,2.9,5.5,5.0,5.5,5.5,5.0,5.5,5.0,46.40,16,158.00,18,67.60,
,305C,2.7,7.5,7.0,6.5,7.0,7.0,6.5,6.0,55.35,12,213.35,18,81.55,
,5253B,3.2,7.0,7.0,7.5,7.0,7.0,6.5,7.0,67.20,9,280.55,18,92.75,
Note:
For more detail on the judges see Panel of Judges for this session.,
Legend:,
*,Penalty of 2.0 point deduction due to restart,=,Indicates the same rank by points,DD,Degree of difficulty,
Jn,Judge number n,No.,Number,No.,Number,
DVW002201_73E 1.0                                                                                                  Report created TUE 21 FEB 2012 12:01                                                                                                            Page 2 of 2,
Finale,
Detailed Results,
R<8e>sultats d<8e>taill<8e>s,
Rank,Name,Ctry Code,Dive No.,DD,Judge's Score,Dive Points,Dive Rank,Total Points,Overall Rank,Points Behind,
,J1,J2,J3,J4,J5,J6,J7,
1,CHEN Ruolin,CHN,107B,3.0,8.5,9.0,9.5,8.5,9.0,9.0,9.5,81.00,1,81.00,1,13.10,
,407C,3.2,7.0,7.5,6.5,7.0,7.5,7.5,7.0,68.80,4,149.80,2,
,6243D,3.2,8.5,9.0,10,8.0,9.0,9.0,8.5,84.80,2,234.60,2,14.70,
,207C,3.3,9.0,8.5,9.0,9.5,8.5,9.0,8.5,87.45,1,322.05,1,
,5253B,3.2,9.0,8.5,9.5,8.5,8.0,8.5,9.0,83.20,=1,405.25,1,
2,HU Yadan,CHN,107B,3.0,8.5,8.5,9.5,8.5,8.0,8.5,8.0,76.50,=2,76.50,=2,4.50,
,407C,3.2,9.5,9.0,9.0,9.0,9.5,9.0,9.0,86.40,1,162.90,1,
,6243D,3.2,9.0,9.0,10,9.0,8.5,9.0,9.0,86.40,1,249.30,1,
,207C,3.3,7.0,7.0,7.5,7.5,7.5,8.0,6.5,72.60,6,321.90,2,0.15,
,5253B,3.2,7.5,8.0,7.5,8.5,8.0,8.5,7.5,75.20,3,397.10,2,8.15,
3,KOLTUNOVA Yulia,RUS,6142D,3.1,8.0,7.5,7.5,8.0,8.0,7.0,8.0,72.85,4,72.85,4,8.15,
,207C,3.3,7.0,8.0,7.0,7.0,7.0,7.0,7.5,69.30,3,142.15,3,20.75,
,107B,3.0,7.5,8.0,9.0,7.0,8.0,7.5,8.0,70.50,8,212.65,4,36.65,
,407C,3.2,6.0,6.0,5.5,5.5,6.0,5.5,5.0,54.40,=10,267.05,8,55.00,
,5253B,3.2,9.0,9.0,9.0,8.5,8.5,8.5,8.5,83.20,=1,350.25,3,55.00,
4,FILION Roseline,CAN,407C,3.2,7.0,6.5,7.0,7.5,7.0,6.5,7.0,67.20,=8,67.20,=8,13.80,
,207C,3.3,6.5,7.5,6.5,7.0,6.5,7.0,6.5,66.00,6,133.20,6,29.70,
,107B,3.0,7.0,7.5,6.5,6.5,7.0,7.5,7.5,64.50,10,197.70,8,51.60,
,626C,3.3,8.0,8.0,8.5,8.0,8.0,8.0,8.0,79.20,3,276.90,4,45.15,
,5253B,3.2,7.5,8.0,7.5,7.0,7.5,8.0,7.5,72.00,=4,348.90,4,56.35,
5,MENDOZA Carolina,MEX,107B,3.0,7.0,7.0,8.5,7.0,6.5,7.0,7.0,63.00,10,63.00,10,18.00,
,305C,2.7,7.0,6.0,6.5,6.5,6.5,6.0,6.5,52.65,12,115.65,12,47.25,
,626C,3.3,9.0,8.0,8.5,7.5,8.0,8.0,8.0,79.20,3,194.85,9,54.45,
,407C,3.2,8.5,8.5,8.5,8.5,8.5,8.0,8.5,81.60,2,276.45,5,45.60,
,5253B,3.2,7.5,7.5,8.0,7.0,7.0,8.0,7.0,70.40,7,346.85,5,58.40,
6,STEUER Christin,GER,405B,2.8,7.0,7.5,7.0,7.0,8.0,8.0,7.5,61.60,11,61.60,11,19.40,
,5253B,3.2,7.0,7.0,6.0,6.5,7.0,6.5,7.0,65.60,7,127.20,10,35.70,
,6243D,3.2,8.5,8.0,7.5,8.0,7.5,8.0,8.0,76.80,5,204.00,6,45.30,
,205B,2.9,9.0,9.0,9.0,9.0,9.0,8.5,9.0,78.30,4,282.30,3,39.75,
,107B,3.0,7.5,7.0,7.0,7.5,7.5,7.0,6.5,64.50,11,346.80,6,58.45,
7,NAKAGAWA Mai,JPN,405B,2.8,8.5,8.0,9.0,9.0,9.0,8.5,8.5,72.80,5,72.80,5,8.20,
,107B,3.0,7.0,6.0,7.0,6.5,6.5,6.0,6.0,57.00,11,129.80,8,33.10,
,207C,3.3,7.5,8.0,7.0,7.5,7.5,7.5,7.5,74.25,6,204.05,5,45.25,
,305B,2.9,7.0,7.5,7.5,7.5,7.5,7.0,7.0,63.80,8,267.85,6,54.20,
,5253B,3.2,7.0,7.5,7.5,7.5,7.5,7.5,7.0,72.00,=4,339.85,7,65.40,
8,BATKI Noemi,ITA,107B,3.0,8.5,8.5,8.5,8.0,8.5,8.5,8.0,76.50,=2,76.50,=2,4.50,
,205B,2.9,7.0,6.5,6.5,6.0,7.0,7.0,6.5,58.00,10,134.50,5,28.40,
,5253B,3.2,8.0,8.0,8.0,8.0,8.5,8.5,8.5,78.40,4,212.90,3,36.40,
,407C,3.2,5.0,5.5,6.0,5.5,6.0,6.5,5.0,54.40,=10,267.30,7,54.75,
,305C,2.7,8.0,7.5,8.5,8.0,8.0,8.0,8.0,64.80,10,332.10,8,73.15,
9,KURJO Maria,GER,107B,3.0,6.0,6.0,6.0,6.5,5.5,6.5,5.5,54.00,12,54.00,12,27.00,
,6243D,3.2,7.0,8.0,7.0,7.0,7.5,7.5,7.5,70.40,2,124.40,11,38.50,
,407C,3.2,7.0,7.0,7.0,7.0,7.0,6.0,7.0,67.20,9,191.60,11,57.70,
,5253B,3.2,7.5,7.5,7.0,7.5,7.5,7.0,7.5,72.00,7,263.60,9,58.45,
,205B,2.9,7.5,7.5,8.0,8.0,8.0,7.5,8.0,68.15,8,331.75,9,73.50,
10,GLADDING Monique,GBR,405B,2.8,8.0,8.0,9.0,8.0,8.0,8.0,8.0,67.20,=8,67.20,=8,13.80,
,5253B,3.2,6.5,6.0,5.5,6.5,7.0,6.5,6.5,62.40,9,129.60,9,33.30,
,6243D,3.2,7.0,6.5,6.5,6.5,7.0,6.5,6.5,62.40,11,192.00,10,57.30,
,205B,2.9,7.5,7.5,7.5,7.0,7.0,7.0,7.0,62.35,9,254.35,12,67.70,
,107B,3.0,8.0,8.0,8.0,7.0,7.5,8.5,8.0,72.00,=4,326.35,10,78.90,
11,ORTIZ Tatiana,MEX,107B,3.0,7.5,7.5,7.5,7.5,7.0,7.5,7.0,67.50,7,67.50,7,13.50,
,626C,3.3,6.5,7.0,6.5,6.5,7.0,6.0,6.5,64.35,8,131.85,7,31.05,
,207C,3.3,7.5,7.5,7.0,7.5,6.5,7.0,7.0,70.95,7,202.80,7,46.50,
,407C,3.2,6.0,5.0,6.0,6.0,5.5,4.5,5.5,54.40,=10,257.20,10,64.85,
,5253B,3.2,7.0,6.5,7.5,6.5,7.5,7.0,7.0,67.20,9,324.40,11,80.85,
12,UN HYANG Kim,PRK,107B,3.0,7.5,7.5,8.0,8.0,8.0,8.0,7.5,70.50,6,70.50,6,10.50,
,407C,3.2,7.0,7.0,7.0,7.5,6.0,7.0,7.0,67.20,5,137.70,4,25.20,
,207C,3.3,4.0,3.5,4.0,4.5,4.5,4.0,3.5,39.60,12,177.30,12,72.00,
,626C,3.3,8.0,8.5,8.5,7.5,7.5,7.5,8.0,77.55,5,254.85,11,67.20,
,5253B,3.2,5.0,6.5,6.0,6.5,6.5,6.5,6.0,60.80,12,315.65,12,89.60,
DVW002101_73E 1.0                                                                                                  Report created TUE 21 FEB 2012 20:28                                                                                                            Page 1 of 2,
Haut-vol 10 m - femmes,
Results Summary,
Synth<8f>se des r<8e>sultats,
Rank,Name,Ctry Code,Preliminaries,Semifinals,Finals,
,Points,Rank,Points,Rank,Points,
1,CHEN Ruolin,CHN,403.45,1,373.30,1,405.25,
2,HU Yadan,CHN,303.60,12,338.85,2,397.10,
3,KOLTUNOVA Yulia,RUS,339.85,2,314.75,7,350.25,
4,FILION Roseline,CAN,316.90,9,317.00,5,348.90,
5,MENDOZA Carolina,MEX,332.55,4,319.95,4,346.85,
6,STEUER Christin,GER,338.50,3,315.25,6,346.80,
7,NAKAGAWA Mai,JPN,317.00,8,305.15,11,339.85,
8,BATKI Noemi,ITA,297.35,15,320.75,3,332.10,
9,KURJO Maria,GER,310.30,10,308.80,9,331.75,
10,GLADDING Monique,GBR,320.30,6,306.95,10,326.35,
11,ORTIZ Tatiana,MEX,301.65,13,314.35,8,324.40,
12,UN HYANG Kim,PRK,278.95,17,303.15,12,315.65,
13,BENFEITO Meaghan,CAN,327.30,5,301.20,13,
14,WIGGINS Loudy,AUS,318.40,7,295.00,14,
15,POWELL Stacie,GBR,299.70,14,291.50,15,
16,PAMG Pandelela Rinong,MAS,305.15,11,288.55,16,
17,ISHIMATSU Haley,USA,276.10,18,287.30,17,
18,TUKIET Traisy Vivien,MAS,282.75,16,280.55,18,
19,KORMOS Villo Gyongyver,HUN,275.30,19,
20,BETANCOURT Maria,VEN,269.80,20,
21,BELL Katie,USA,267.85,21,
22,BUGG Rachel,AUS,267.70,22,
23,LABEAU Audrey,FRA,266.30,23,
24,POPOVICI Corina,ROU,260.95,24,
25,TATSUMI Fuka,JPN,257.95,25,
26,CHO Eunbi,KOR,256.55,26,
27,KIM Suji,KOR,252.20,27,
28,REISINGER Zsofia,HUN,245.50,28,
29,RAMIREZ Lisette,VEN,243.25,29,
30,RIBERA Annia,CUB,243.05,30,
31,MENDES Andressa,BRA,234.70,31,
32,MARTINEZ Angely,PUR,226.90,32,
33,AIACOBOAE Mara Elena,ROU,226.30,33,
34,GOVOR Daria,RUS,226.20,34,
35,van KATWIJK Ginni,NED,221.35,35,
36,JIN OK Kim,PRK,220.75,36,
37,POTYEKHINA Viktoriya,UKR,217.50,37,
38,SPAZIANI Brenda,ITA,212.25,38,
39,LAATUNEN Iira,FIN,207.35,39,
40,CHAPLENKO Alina,UKR,202.75,40,
DVW002000_74 1.0                                                                                                    Report created TUE 21 FEB 2012 20:28                                                                                                            Page 1 of 1,
Eliminatoires,
Detailed Results,
R<8e>sultats d<8e>taill<8e>s,
Rank,Ctry Code,Name,Dive No.,DD,Judge's Score,Dive Points,Dive Rank,Total Points,Ovl Rk,Points Behind,
,E1,E2,E3,E4,E5,E6,S1,S2,S3,S4,S5,
1,CHN,CHEN Ruolin,301B,2.0,8.0,8.0,8.0,9.0,9.0,9.0,8.0,8.5,8.0,8.0,8.5,49.80,6,49.80,6,3.00,
,WANG Hao,201B,2.0,9.0,9.0,9.0,10,9.5,9.0,9.0,9.0,9.0,8.5,9.0,54.60,1,104.40,2,0.60,
,107B,3.0,8.5,8.0,8.5,9.0,9.0,9.0,8.5,8.0,9.0,9.0,9.0,79.20,1,183.60,1,
,407C,3.2,8.0,8.5,8.5,7.0,7.0,6.5,8.0,8.5,8.0,8.5,8.0,76.80,2,260.40,1,
,5253B,3.2,8.5,8.5,9.0,8.0,7.5,8.0,8.5,8.5,8.0,8.5,8.0,79.68,1,340.08,1,
2,GBR,BARROW Sarah,301B,2.0,8.5,8.5,8.5,8.5,8.5,8.5,9.0,8.5,9.0,9.0,9.0,52.80,1,52.80,1,0.84,
,COUCH Tonia,201B,2.0,8.0,9.0,8.5,8.0,8.5,8.0,9.0,9.0,9.0,8.5,9.0,52.20,4,105.00,1,
,407C,3.2,7.5,7.0,7.0,8.0,7.5,8.0,8.5,8.5,8.0,8.5,8.5,77.76,2,182.76,2,
,107B,3.0,5.5,5.5,5.0,7.0,6.5,6.5,7.0,7.0,7.0,8.0,7.5,60.30,8,243.06,3,17.34,
,5253B,3.2,7.5,6.5,7.5,7.5,7.0,7.5,8.0,7.5,8.5,8.5,8.5,76.80,3,319.86,2,20.22,
3,MAS,LEONG Mun Yee,301B,2.0,8.0,8.0,8.0,7.5,8.0,7.5,8.5,8.5,8.0,7.5,8.5,48.60,=8,48.60,=8,4.20,
,PAMG Pandelela,201B,2.0,8.5,8.0,8.5,9.0,9.0,8.5,9.0,8.5,9.0,8.0,9.0,52.80,=2,101.40,4,3.60,
,Rinong,107B,3.0,7.0,7.0,7.5,7.5,7.5,7.0,8.0,7.5,8.5,8.5,9.0,71.10,8,172.50,4,11.10,
,407C,3.2,8.5,8.5,8.5,8.5,8.0,7.5,8.5,8.0,8.5,8.0,8.5,79.68,1,252.18,2,8.22,
,5253B,3.2,7.0,7.0,7.0,6.0,5.5,6.0,7.5,7.0,7.0,7.5,7.0,66.24,9,318.42,3,21.66,
4,AUS,CROAK Alexandra,201B,2.0,7.0,7.0,7.0,8.5,8.5,8.0,7.5,8.5,8.5,7.5,8.0,47.40,=11,47.40,=11,5.40,
,WU Melissa,301B,2.0,7.0,7.0,7.5,8.0,8.0,8.0,8.5,8.0,8.0,8.0,8.5,47.40,=7,94.80,=9,10.20,
,407C,3.2,7.0,8.0,7.5,7.5,7.5,7.0,7.5,8.5,7.5,7.5,8.0,72.96,=5,167.76,9,15.84,
,107B,3.0,8.0,7.0,7.5,7.0,7.5,7.0,8.5,8.0,8.0,8.0,8.0,69.30,=3,237.06,4,23.34,
,5253B,3.2,7.5,7.5,7.5,7.5,7.5,8.0,8.5,8.0,8.0,8.0,8.0,74.88,=4,311.94,4,28.14,
5,RUS,PETUKHOVA Ekaterina,301B,2.0,8.5,7.5,8.0,7.5,8.0,7.5,8.0,7.5,8.5,8.0,8.5,48.00,10,48.00,10,4.80,
,KOLTUNOVA Yulia,201B,2.0,8.0,7.5,7.5,7.5,8.0,7.0,8.0,8.0,8.5,7.0,8.0,46.80,=10,94.80,=9,10.20,
,107B,3.0,8.0,7.5,7.5,8.0,8.0,8.0,9.0,9.0,9.0,8.5,8.5,75.60,3,170.40,7,13.20,
,407C,3.2,7.0,7.5,7.0,4.5,6.0,4.5,6.5,7.5,6.5,7.0,7.0,61.44,=5,231.84,6,28.56,
,5253B,3.2,8.0,7.5,8.5,8.0,7.5,8.0,8.0,8.5,8.0,8.5,8.5,78.72,2,310.56,5,29.52,
6,CAN,BENFEITO Meaghan,401B,2.0,7.5,8.0,8.0,8.0,8.0,8.0,8.5,9.0,8.0,8.5,9.0,50.40,=4,50.40,=4,2.40,
,FILION Roseline,301B,2.0,8.5,8.5,8.5,8.5,8.0,8.5,9.0,9.0,9.5,9.0,9.0,52.80,=2,103.20,3,1.80,
,107B,3.0,6.5,6.5,6.0,6.0,6.5,6.5,6.5,7.0,6.5,7.0,8.0,60.30,12,163.50,10,20.10,
,207C,3.3,7.5,7.0,7.5,5.5,5.0,5.5,7.5,8.0,7.5,7.0,7.0,69.30,=3,232.80,5,27.60,
,5253B,3.2,8.0,7.5,7.0,8.0,7.5,7.5,8.0,8.0,7.5,8.0,8.0,74.88,=4,307.68,6,32.40,
7,MEX,ESPINOSA Paola,101B,2.0,7.5,8.0,7.5,8.5,8.5,8.5,8.5,9.0,9.0,9.0,8.5,51.00,=2,51.00,=2,1.80,
,OROZCO Alejandra,301B,2.0,7.5,6.5,7.0,8.5,8.5,8.5,8.5,8.0,8.0,8.0,8.0,47.40,=7,98.40,7,6.60,
,407C,3.2,6.5,7.5,7.5,7.5,7.5,7.5,7.5,7.5,8.0,7.5,8.0,72.96,=5,171.36,5,12.24,
,207C,3.3,3.5,3.5,4.0,7.0,6.5,7.0,6.0,6.0,6.5,5.5,7.0,57.42,10,228.78,7,31.62,
,5253B,3.2,8.0,6.5,7.5,7.5,7.0,8.0,7.5,8.0,7.5,8.0,7.5,72.96,6,301.74,7,38.34,
8,USA,COZAD Amy,301B,2.0,7.0,7.5,7.5,8.0,8.0,8.0,8.0,8.5,8.0,8.5,8.5,48.60,=8,48.60,=8,4.20,
,RYAN Laura,201B,2.0,5.5,6.0,6.0,8.0,8.0,8.0,6.5,8.0,7.0,6.0,7.5,42.00,13,90.60,13,14.40,
,107B,3.0,6.5,6.5,6.5,7.5,7.0,7.0,8.5,8.0,8.0,8.0,8.0,67.50,10,158.10,12,25.50,
,407C,3.2,5.0,4.5,6.0,7.0,7.0,7.5,7.0,6.5,6.0,6.5,7.0,61.44,=5,219.54,10,40.86,
,5253B,3.2,7.0,8.0,7.5,7.0,7.5,7.0,7.5,7.5,8.0,7.5,8.0,72.00,7,291.54,8,48.54,
9,GER,SUBSCHINSKI Nora,401B,2.0,8.5,8.5,8.5,8.5,8.0,9.0,8.0,8.5,9.0,9.0,8.0,51.00,=2,51.00,=2,1.80,
,STEUER Christin,301B,2.0,7.0,7.5,7.5,8.0,7.5,8.0,8.5,8.5,8.5,8.0,8.0,48.60,6,99.60,5,5.40,
,5253B,3.2,7.5,7.5,8.0,7.0,7.0,7.0,8.5,7.0,8.0,7.5,8.5,73.92,4,173.52,3,10.08,
,205B,2.9,4.0,4.0,3.5,7.0,7.0,7.5,6.0,6.0,6.5,7.0,7.0,53.07,12,226.59,8,33.81,
,107B,3.0,7.5,7.5,7.5,7.0,5.5,6.5,7.0,7.0,7.5,6.5,7.5,63.90,11,290.49,9,49.59,
10,PRK,JIN OK Kim,401B,2.0,8.0,8.5,8.5,8.0,8.0,8.0,8.0,9.0,9.0,8.0,8.5,50.40,=4,50.40,=4,2.40,
,UN HYANG Kim,301B,2.0,7.0,7.5,7.5,8.0,9.0,8.0,8.0,8.0,7.5,8.0,8.5,47.40,=7,97.80,8,7.20,
,107B,3.0,7.5,7.5,7.5,8.0,8.0,8.0,9.0,8.0,8.5,8.5,8.0,72.90,7,170.70,6,12.90,
,207C,3.3,4.0,4.0,3.5,5.5,6.5,6.0,4.5,5.5,5.5,6.0,5.5,52.47,13,223.17,9,37.23,
,5253B,3.2,7.5,6.0,7.0,7.0,6.0,7.0,4.5,7.0,4.0,4.5,6.0,55.68,13,278.85,10,61.23,
11,UKR,POTYEKHINA Viktoriya,201B,2.0,8.0,8.0,8.0,8.0,7.0,8.0,8.5,8.5,8.0,8.5,8.0,49.20,7,49.20,7,3.60,
,PROKOPCHUK Iuliia,301B,2.0,8.0,8.0,8.0,8.0,8.0,7.5,8.5,8.5,8.0,8.5,8.5,49.80,5,99.00,6,6.00,
,107B,3.0,7.0,7.5,7.5,8.0,7.5,7.5,8.5,7.5,8.0,7.5,8.0,69.30,9,168.30,8,15.30,
,407C,3.2,3.5,3.5,4.0,6.0,5.5,5.5,4.5,4.5,5.0,4.5,4.5,43.20,14,211.50,12,48.90,
,5253B,3.2,7.0,5.0,5.5,7.0,7.0,7.5,7.5,7.0,7.5,8.0,7.5,67.20,8,278.70,11,61.38,
12,KOR,CHO Eunbi,201B,2.0,7.0,8.0,7.5,7.5,7.0,8.0,8.0,7.5,8.5,8.0,8.0,46.80,13,46.80,13,6.00,
,KIM Suji,301B,2.0,7.0,7.5,7.0,8.5,8.0,8.0,8.0,8.0,8.0,8.5,8.0,46.80,=10,93.60,=11,11.40,
,405B,2.8,6.5,7.0,7.0,7.5,6.5,7.5,8.5,9.0,8.0,8.0,8.0,65.52,11,159.12,11,24.48,
,107B,3.0,5.0,3.5,4.5,6.5,6.5,6.0,6.5,6.5,7.0,7.5,6.5,55.80,11,214.92,11,45.48,
,5253B,3.2,5.0,6.5,6.0,5.5,5.5,5.5,7.0,7.0,7.0,8.5,7.0,62.40,12,277.32,12,62.76,
DVW202901_73F 1.0                                                                                                 Report created WED 22 FEB 2012 15:03                                                                                                           Page 1 of 2,
13,12.00
24.60
46.50
62.82
77.22,
14,HUN,KORMOS Villo Gyongyver REISINGER Zsofia,201B
103B
405B
5235D
305C,2.0
2.0
2.8
2.8
2.7,7.0
7.0
7.0
7.0
7.0,7.5
8.0
7.0
7.0
7.0,7.5
7.5
7.0
7.0
6.5,7.5
8.0
5.5
6.5
4.0,7.5
7.5
4.5
7.0
5.0,8.0
7.5
6.0
6.5
4.5,8.5
8.0
6.5
6.5
7.0,8.0
8.0
6.0
7.0
6.5,8.5
7.5
7.5
7.5
6.0,8.0
6.5
6.5
7.0
7.0,8.0
8.0
7.0
7.0
6.5,47.40
46.20
54.60
57.96
51.03,=11
12
14
9
14,47.40
93.60
148.20
206.16
257.19,=11
=11
13
13
14,5.40
11.40
35.40
54.24
82.89,
Legend:,
=,Indicates the same rank by points,DD,Degree of difficulty,En,Execution judge number for reach diver,
No.,Number,Ovl Rk,Overall rank,Sn,Synchronisation judge number,
DVW202901_73F 1.0                                                                                                 Report created WED 22 FEB 2012 15:03                                                                                                           Page 2 of 2,
Finale,
Detailed Results,
R<8e>sultats d<8e>taill<8e>s,
Rank,Ctry Code,Name,Dive No.,DD,Judge's Score,Dive Points,Dive Rank,Total Points,Ovl Rk,Points Behind,
,E1,E2,E3,E4,E5,E6,S1,S2,S3,S4,S5,
1,CHN,CHEN Ruolin,301B,2.0,8.5,8.5,9.0,9.0,9.0,9.0,9.0,9.0,9.0,8.5,9.0,53.40,=2,53.40,=2,1.80,
,WANG Hao,201B,2.0,9.5,9.0,9.5,9.0,9.0,10,9.5,9.5,9.5,9.0,9.5,56.40,1,109.80,1,
,107B,3.0,9.0,9.5,9.0,9.0,9.0,9.0,9.5,8.5,9.5,9.5,9.5,83.70,1,193.50,1,
,407C,3.2,8.5,9.0,8.0,9.0,9.5,10,8.5,8.5,9.0,9.0,8.5,84.48,1,277.98,1,
,5253B,3.2,8.0,7.5,8.0,9.0,9.0,9.0,8.0,8.5,8.5,9.0,8.5,81.60,2,359.58,1,
2,CAN,BENFEITO Meaghan,401B,2.0,8.5,8.0,9.0,8.5,8.5,8.5,9.5,9.0,9.0,8.5,9.0,52.80,4,52.80,4,2.40,
,FILION Roseline,301B,2.0,8.5,8.5,8.5,8.0,8.0,8.0,9.0,9.0,9.0,9.0,9.0,52.20,=2,105.00,2,4.80,
,107B,3.0,8.5,8.5,9.0,8.0,8.5,8.0,8.0,8.5,8.5,8.5,8.0,74.70,3,179.70,2,13.80,
,207C,3.3,6.5,6.5,6.5,6.5,7.0,7.5,7.5,8.0,8.0,7.5,7.5,72.27,3,251.97,2,26.01,
,5253B,3.2,8.0,8.0,8.0,8.0,8.0,8.0,8.5,8.5,8.5,8.5,8.5,79.68,3,331.65,2,27.93,
3,GBR,BARROW Sarah,301B,2.0,7.0,7.5,7.0,8.0,8.5,8.0,8.5,8.5,8.0,7.5,8.0,47.40,9,47.40,9,7.80,
,COUCH Tonia,201B,2.0,8.5,8.5,8.5,8.0,8.5,9.0,9.0,9.0,8.5,8.5,9.0,52.20,=2,99.60,6,10.20,
,407C,3.2,7.0,6.0,7.5,7.0,6.5,7.5,8.0,8.0,7.0,7.0,7.5,70.08,4,169.68,4,23.82,
,107B,3.0,5.5,5.5,5.5,6.5,6.5,6.5,7.0,8.0,7.5,7.0,7.5,61.20,10,230.88,8,47.10,
,5253B,3.2,8.0,8.5,8.5,8.0,8.0,8.0,9.0,8.5,9.0,9.0,9.0,83.52,1,314.40,3,45.18,
4,AUS,CROAK Alexandra,201B,2.0,7.5,8.0,8.0,8.5,8.5,8.0,8.5,8.0,8.5,8.5,8.5,50.40,7,50.40,7,4.80,
,WU Melissa,301B,2.0,7.5,7.5,8.0,8.0,8.5,8.0,8.0,8.5,8.0,8.0,8.0,47.40,=8,97.80,9,12.00,
,407C,3.2,6.0,6.0,5.5,8.0,7.5,8.0,7.5,8.0,7.0,7.5,7.0,69.12,6,166.92,7,26.58,
,107B,3.0,8.0,7.5,7.0,7.5,8.0,7.5,8.0,8.0,8.0,8.0,8.0,70.20,4,237.12,4,40.86,
,5253B,3.2,7.5,7.5,8.0,7.5,7.5,7.0,7.5,7.5,8.0,8.0,8.0,73.92,5,311.04,4,48.54,
5,GER,SUBSCHINSKI Nora,401B,2.0,9.0,8.5,8.5,9.0,9.0,9.0,9.5,9.5,9.0,9.5,9.5,55.20,1,55.20,1,7.20,
,STEUER Christin,301B,2.0,7.5,7.5,8.0,8.0,8.0,7.5,8.0,8.0,8.0,7.5,8.0,47.40,=8,102.60,3,
,5253B,3.2,7.5,7.5,7.5,7.5,7.0,7.5,8.0,8.0,8.5,8.0,8.0,74.88,2,177.48,3,16.02,
,205B,2.9,7.0,6.5,6.5,7.0,7.5,8.5,8.0,7.5,7.5,8.0,8.0,65.25,8,242.73,3,35.25,
,107B,3.0,7.5,7.0,7.0,7.5,7.5,8.0,7.5,7.5,8.0,7.0,7.5,66.60,10,309.33,5,50.25,
6,UKR,POTYEKHINA Viktoriya,201B,2.0,8.0,8.5,8.5,7.0,8.0,8.5,9.0,8.5,8.0,8.5,8.0,49.80,8,49.80,8,5.40,
,PROKOPCHUK Iuliia,301B,2.0,9.0,8.5,8.5,7.5,8.0,8.0,8.5,8.0,8.0,8.0,8.5,49.20,5,99.00,7,10.80,
,107B,3.0,7.5,8.0,7.5,7.0,7.0,7.5,8.5,8.0,7.5,8.0,7.5,68.40,7,167.40,6,26.10,
,407C,3.2,7.5,7.0,7.0,6.5,7.0,8.0,7.5,6.5,7.0,6.5,5.5,65.28,7,232.68,7,45.30,
,5253B,3.2,7.0,7.5,7.0,8.5,8.0,8.0,8.0,8.5,8.0,8.0,8.5,75.84,4,308.52,6,51.06,
7,MAS,LEONG Mun Yee,301B,2.0,8.5,8.5,9.0,8.5,8.5,8.5,8.5,8.5,8.5,9.0,8.5,51.00,=5,51.00,=5,4.20,
,PAMG Pandelela,201B,2.0,7.0,7.5,8.0,8.0,8.5,8.0,8.0,8.0,8.0,8.0,8.5,47.40,=8,98.40,8,11.40,
,Rinong,107B,3.0,7.0,6.5,7.5,8.0,8.0,8.0,7.5,7.5,8.0,8.0,8.0,69.30,5,167.70,5,25.80,
,407C,3.2,5.5,5.5,5.5,7.5,7.5,7.0,6.5,7.0,7.5,7.5,7.5,67.20,5,234.90,5,43.08,
,5253B,3.2,8.0,7.5,8.0,6.5,7.0,7.0,8.0,8.0,7.5,7.5,7.5,72.96,=6,307.86,7,51.72,
8,MEX,ESPINOSA Paola,101B,2.0,8.5,8.0,8.0,9.0,9.0,9.5,8.5,8.5,8.5,8.0,8.5,51.00,=5,51.00,=5,4.20,
,OROZCO Alejandra,301B,2.0,7.5,7.0,7.5,9.0,9.0,9.0,8.0,8.5,8.5,9.0,8.5,50.40,4,101.40,5,8.40,
,407C,3.2,3.5,3.0,3.5,8.0,8.0,9.0,5.5,6.0,5.5,5.5,6.5,54.72,12,156.12,10,37.38,
,207C,3.3,7.0,7.0,7.0,8.0,7.5,8.0,8.0,8.0,8.0,8.0,8.0,77.22,2,233.34,6,44.64,
,5253B,3.2,7.5,7.0,7.5,8.0,8.0,7.5,7.0,7.0,7.5,8.0,7.5,72.00,=8,305.34,8,54.24,
9,RUS,PETUKHOVA Ekaterina,301B,2.0,6.0,7.0,7.0,7.5,8.0,8.0,7.5,7.5,7.5,7.5,7.5,45.00,11,45.00,11,10.20,
,KOLTUNOVA Yulia,201B,2.0,8.5,9.0,8.5,7.5,7.5,8.0,8.5,8.5,8.0,7.5,8.0,48.60,=6,93.60,10,16.20,
,107B,3.0,6.5,6.0,8.0,6.5,5.5,6.5,7.5,8.0,7.5,7.0,7.5,63.90,=8,157.50,9,36.00,
,407C,3.2,7.5,7.5,7.5,7.5,7.0,7.0,6.5,6.5,7.0,7.0,6.0,66.24,6,223.74,9,54.24,
,5253B,3.2,8.0,7.5,8.0,6.5,7.0,6.0,7.5,8.0,8.0,7.5,8.0,72.96,=6,296.70,9,62.88,
10,USA,COZAD Amy,301B,2.0,7.0,7.0,7.5,8.0,8.5,8.0,8.0,8.0,8.0,8.0,8.0,46.80,10,46.80,10,8.40,
,RYAN Laura,201B,2.0,7.5,7.0,7.5,6.5,7.5,7.5,7.5,8.0,7.5,7.0,7.5,45.00,12,91.80,11,18.00,
,107B,3.0,4.5,5.0,4.5,7.5,7.5,8.0,7.0,7.0,6.5,6.5,7.0,58.50,11,150.30,12,43.20,
,407C,3.2,6.0,6.0,6.0,5.5,7.0,5.5,7.5,6.5,7.0,7.0,7.0,62.40,9,212.70,10,65.28,
,5253B,3.2,7.0,7.0,7.0,7.5,8.0,7.5,7.5,7.5,8.0,8.0,7.5,72.00,=8,284.70,10,74.88,
11,KOR,CHO Eunbi,201B,2.0,6.0,7.0,6.5,7.5,7.5,8.0,8.0,8.0,7.0,7.5,7.5,44.40,12,44.40,12,10.80,
,KIM Suji,301B,2.0,6.5,7.0,6.5,7.0,8.0,7.5,8.0,7.5,8.0,8.0,8.0,45.60,11,90.00,12,19.80,
,405B,2.8,6.5,7.0,7.0,8.0,8.0,8.0,7.5,7.5,7.5,7.5,7.5,63.00,10,153.00,11,40.50,
,107B,3.0,7.0,6.0,6.5,4.5,5.0,5.0,7.5,6.0,6.5,6.0,6.5,54.90,11,207.90,12,70.08,
,5253B,3.2,5.5,5.0,6.0,5.0,5.0,5.0,6.5,6.5,6.5,6.0,6.5,57.60,11,265.50,11,94.08,
12,PRK,JIN OK Kim,401B,2.0,8.5,8.5,9.0,9.0,9.0,9.0,9.0,9.0,9.5,9.0,9.0,53.40,=2,53.40,=2,1.80,
,UN HYANG Kim,301B,2.0,8.0,8.0,8.0,7.5,7.5,7.5,8.5,8.5,8.0,8.0,8.5,48.60,=6,102.00,4,7.80,
,107B,3.0,6.0,7.0,6.5,6.5,7.5,6.5,7.5,8.5,7.5,7.5,7.5,63.90,=8,165.90,8,27.60,
,207C,3.3,3.5,4.0,5.0,3.5,4.0,4.0,5.5,4.5,5.5,5.0,5.0,46.53,12,212.43,11,65.55,
,5253B,3.2,5.5,5.5,6.0,4.5,4.0,4.5,6.0,6.0,6.0,5.0,5.0,51.84,12,264.27,12,95.31,
DVW202101_73F 1.0                                                                                                 Report created WED 22 FEB 2012 21:46                                                                                                           Page 1 of 2,
37,KARVONEN Taina,FIN,405C,2.7,6.5,6.0,6.0,6.5,7.0,6.5,7.0,52.65,=35,52.65,=35,22.35,
,105B,2.4,7.5,7.0,6.5,6.5,7.0,6.5,7.0,49.20,36,101.85,=35,45.65,
,303A,2.6,6.5,5.0,6.0,5.5,6.5,6.0,6.0,46.80,39,148.65,37,77.90,
,205B,3.0,4.5,4.0,5.0,4.0,4.0,4.5,4.5,39.00,37,187.65,38,112.40,
,5233D,2.4,7.0,6.0,7.0,7.0,7.0,7.0,6.5,50.40,=30,238.05,37,138.50,
38,KIM Suji,KOR,105B,2.4,7.5,7.5,7.5,7.5,8.0,7.5,7.5,54.00,=29,54.00,=29,21.00,
,405C,2.7,6.0,6.0,6.5,6.0,5.0,6.5,6.0,48.60,=37,102.60,34,44.90,
,205C,2.8,7.0,7.5,6.5,6.5,6.0,6.5,6.5,54.60,=27,157.20,31,69.35,
,305C,2.8,5.0,4.5,4.5,4.0,4.5,4.5,4.5,37.80,=38,195.00,34,105.05,
,5152B,3.0,5.5,4.0,4.0,3.5,4.5,4.0,4.5,37.50,=42,232.50,38,144.05,
39,VELOSO Juliana,BRA,107B,3.1,6.0,6.0,6.0,5.5,3.5,5.5,5.5,52.70,34,52.70,34,22.30,
,205B,3.0,4.5,4.0,4.0,4.0,5.0,4.0,4.0,36.00,44,88.70,43,58.80,
,305B,3.0,4.5,4.0,3.5,3.5,2.5,3.0,3.0,30.00,44,118.70,46,107.85,
,405B,3.0,5.5,6.5,5.5,5.0,6.0,5.0,5.0,48.00,33,166.70,44,133.35,
,5152B,3.0,7.0,7.0,7.0,6.0,7.0,7.0,6.5,63.00,=15,229.70,39,146.85,
DVW001901_73E 1.0                                                                                                  Report created THU 23 FEB 2012 16:41                                                                                                           Page 3 of 4,
44,KHMEL Lyudmila,KAZ,105B,2.4,7.0,6.5,6.5,6.5,6.5,6.5,6.0,46.80,=43,46.80,=43,28.20,
,205C,2.8,5.0,4.0,4.0,4.5,4.5,4.5,4.5,37.80,43,84.60,44,62.90,
,405C,2.7,6.0,5.0,5.5,5.0,7.0,4.5,5.5,43.20,43,127.80,=42,98.75,
,305C,2.8,4.0,3.5,4.0,5.0,4.0,4.0,3.5,33.60,=43,161.40,46,138.65,
,5233D,2.4,7.0,7.0,7.0,7.0,6.5,6.0,6.5,49.20,33,210.60,44,165.95,
45,CHO Eunbi,KOR,105B,2.4,7.5,7.0,7.5,7.0,7.0,7.0,8.0,51.60,37,51.60,37,23.40,
,405C,2.7,6.0,5.5,5.5,5.5,6.0,5.5,6.0,45.90,39,97.50,38,50.00,
,205C,2.8,7.0,6.0,6.0,6.0,7.0,6.5,6.0,51.80,35,149.30,36,77.25,
,305C,2.8,3.0,2.0,3.0,4.0,2.5,2.5,2.5,22.40,46,171.70,43,128.35,
,5152B,3.0,3.0,3.5,4.5,4.5,4.5,4.0,4.0,37.50,=42,209.20,45,167.35,
46,SOTOMAYOR Paula,CHI,405C,2.7,6.5,6.0,7.0,6.5,6.0,6.0,6.5,51.30,38,51.30,38,23.70,
,105B,2.4,4.5,4.5,4.5,4.5,5.0,4.5,5.0,32.40,45,83.70,45,63.80,
,205C,2.8,7.0,6.0,6.5,6.5,7.0,6.5,6.0,54.60,=27,138.30,40,88.25,
,305C,2.8,5.0,5.0,4.5,5.5,5.0,5.5,4.5,42.00,35,180.30,40,119.75,
,5152C,2.8,3.5,2.0,4.0,3.5,3.0,3.0,3.5,28.00,47,208.30,46,168.25,
47,CHLANDA Magdalena,POL,105B,2.4,7.5,6.5,7.0,7.0,6.5,7.0,6.5,49.20,40,49.20,40,25.80,
,405C,2.7,6.5,5.5,6.5,6.0,7.0,6.5,6.5,52.65,31,101.85,=35,45.65,
,205C,2.8,3.0,2.5,2.5,2.5,2.5,3.0,2.0,21.00,46,122.85,44,103.70,
,305C,2.8,2.0,2.0,2.0,3.5,3.0,2.0,2.0,16.80,47,139.65,47,160.40,
,5235D,2.8,6.5,5.0,6.0,6.0,6.5,6.5,6.0,51.80,28,191.45,47,185.10,
Note:
For more detail on the judges see Panel of Judges for this session.,
Legend:,
=
No.,Indicates the same rank by points Number,DD
No.,Degree of difficulty Number,Jn,Judge number n,
DVW001901_73E 1.0                                                                                                  Report created THU 23 FEB 2012 16:41                                                                                                           Page 4 of 4,
33,EIZAGUIRRE Leyre,ESP,249.80,33,
34,IVEZIC Marija,SRB,248.20,34,
35,BENITEZ Jennifer,ESP,244.90,35,
36,BOUVET Fanny,FRA,244.70,36,
37,KARVONEN Taina,FIN,238.05,37,
38,KIM Suji,KOR,232.50,38,
39,VELOSO Juliana,BRA,229.70,39,
40,JIMENEZ Luisa M.,PUR,226.40,40,
41,YAN YEE Ng,MAS,223.15,41,
42,MOSKALENKO Olessya,KAZ,222.00,42,
43,MARIC Marcela,CRO,212.85,43,
44,KHMEL Lyudmila,KAZ,210.60,44,
45,CHO Eunbi,KOR,209.20,45,
46,SOTOMAYOR Paula,CHI,208.30,46,
47,CHLANDA Magdalena,POL,191.45,47,
DVW001000_74 1.0                                                                                                     Report created FRI 24 FEB 2012 20:26                                                                                                            Page 1 of 1,
,SANCHEZ Laura,301B,2.0,7.5,8.0,8.0,7.5,7.5,7.5,8.0,7.5,8.0,8.0,7.5,46.80,=9,94.20,11,13.20,
,205B,3.0,6.5,6.5,7.0,6.0,6.0,6.0,7.0,6.5,7.0,7.0,6.0,59.40,8,153.60,9,24.90,
,405B,3.0,7.5,8.0,7.5,7.0,7.0,8.0,8.5,8.5,8.5,8.5,8.5,72.00,2,225.60,7,33.00,
,5152B,3.0,7.5,7.5,8.0,7.5,7.5,7.5,7.5,7.0,7.0,7.5,7.0,65.70,7,291.30,8,42.00,
9,MAS,CHEONG Jun Hoong,101B,2.0,8.0,8.0,8.5,8.0,7.5,8.0,8.0,8.0,7.5,8.0,8.0,48.00,9,48.00,9,7.20,
,PAMG Pandelela,5231D,2.0,7.5,8.5,8.0,8.0,7.5,8.0,8.0,8.0,8.0,8.0,7.5,48.00,8,96.00,8,11.40,
,Rinong,305B,3.0,6.0,6.0,5.5,4.5,4.5,4.5,5.5,6.0,4.5,5.5,5.0,47.70,12,143.70,12,34.80,
,205B,3.0,6.5,7.5,7.5,7.0,6.5,7.0,8.0,7.5,7.5,8.0,7.5,67.50,8,211.20,12,47.40,
,405B,3.0,7.0,8.0,7.0,8.0,8.5,8.0,8.5,8.5,7.5,8.5,8.5,72.90,2,284.10,9,49.20,
10,JPN,NAKAGAWA Mai,401B,2.0,7.5,8.0,8.0,8.0,7.5,7.5,8.0,8.0,7.5,7.5,8.0,46.80,13,46.80,13,8.40,
,SHIBUSAWA Sayaka,101B,2.0,8.0,8.5,7.0,8.0,8.5,8.0,8.0,7.5,7.5,8.0,7.5,46.80,=9,93.60,12,13.80,
,305B,3.0,6.5,6.0,7.0,6.0,7.5,6.5,7.5,7.5,7.5,8.0,7.5,63.90,7,157.50,7,21.00,
,5152B,3.0,6.5,7.5,6.5,7.5,7.5,7.0,7.5,7.0,7.5,8.0,7.5,65.70,10,223.20,9,35.40,
,205B,3.0,6.0,6.0,7.0,7.5,7.0,7.0,7.0,7.0,5.5,7.0,6.5,60.30,11,283.50,10,49.80,
11,GBR,BLAGG Alicia,401B,2.0,8.0,8.0,8.0,8.0,8.5,8.0,8.0,8.5,8.0,8.5,8.5,49.20,=5,49.20,=5,6.00,
,GALLANTREE,101B,2.0,7.5,8.0,8.0,7.5,7.5,8.0,8.0,8.0,7.5,7.5,7.5,46.20,11,95.40,=9,12.00,
,Rebecca,205B,3.0,6.5,6.0,7.0,5.5,3.5,4.0,7.0,5.5,6.5,6.0,7.0,54.00,10,149.40,11,29.10,
,305B,3.0,7.0,7.0,7.5,7.0,8.0,8.0,7.5,7.0,7.5,8.0,8.0,68.40,=4,217.80,10,40.80,
,5152B,3.0,7.5,7.5,7.5,7.5,6.5,6.5,7.0,7.5,6.0,7.5,8.0,64.80,=8,282.60,11,50.70,
12,RUS,BAZHINA Nadezda,101B,2.0,7.5,7.5,8.0,8.0,8.0,8.0,8.0,8.0,8.0,8.0,8.0,47.40,=10,47.40,=10,7.80,
,POLYAKOVA Maria,401B,2.0,8.5,8.5,8.0,8.0,8.5,8.5,8.0,8.0,8.0,8.0,8.0,49.20,=5,96.60,7,10.80,
,205B,3.0,6.0,7.0,5.5,4.5,4.0,5.5,6.5,6.5,5.5,7.0,6.0,53.10,11,149.70,10,28.80,
,305B,3.0,7.0,7.5,7.5,7.5,8.0,8.0,7.0,8.0,7.0,7.5,7.0,66.60,9,216.30,11,42.30,
,5335D,2.9,5.0,6.5,5.5,7.0,7.0,7.0,6.5,7.0,7.0,6.5,6.5,56.55,12,272.85,12,60.45,
DVW201901_73F 1.0                                                                                                  Report created SAT 25 FEB 2012 15:00                                                                                                            Page 1 of 2,
Detailed Results,
R<8e>sultats d<8e>taill<8e>s,
Rank,Ctry Code,Name,Dive No.,DD,Judge's Score,Dive Points,Dive Rank,Total Points,Ovl Rk,Points Behind,
,E1,E2,E3,E4,E5,E6,S1,S2,S3,S4,S5,
13,FIN,KARVONEN Taina,201B,2.0,7.0,7.0,6.5,7.5,6.5,6.5,7.0,7.0,6.5,7.0,7.0,41.40,15,41.40,15,13.80,
,LAATUNEN Iira,301B,2.0,7.0,7.5,7.0,7.0,7.5,7.0,7.5,7.5,7.5,7.0,7.0,43.20,=13,84.60,15,22.80,
,105B,2.4,5.0,6.5,6.0,6.5,7.0,7.0,4.5,4.5,5.0,5.0,5.0,39.60,14,124.20,14,54.30,
,405C,2.7,6.5,6.5,6.0,7.0,7.0,7.0,7.0,7.5,7.5,7.5,7.5,58.32,13,182.52,14,76.08,
,5233D,2.4,6.5,7.0,6.5,7.5,6.5,7.5,6.5,7.0,7.5,7.0,7.0,50.40,14,232.92,13,100.38,
14,KOR,CHO Eunbi,101B,2.0,7.5,8.0,7.5,7.5,7.5,7.5,8.0,9.0,7.5,8.0,8.5,47.40,=10,47.40,=10,7.80,
,KIM Suji,301B,2.0,6.5,7.5,7.0,7.0,8.0,6.5,7.5,7.5,7.5,7.0,7.0,43.20,=13,90.60,13,16.80,
,405C,2.7,3.5,3.0,3.0,5.5,5.5,6.0,5.0,5.5,6.0,4.5,6.0,40.50,13,131.10,13,47.40,
,205C,2.8,7.0,7.5,7.5,4.5,4.5,5.0,6.5,7.0,6.0,6.5,7.5,53.76,14,184.86,13,73.74,
,5152B,3.0,3.0,4.0,3.5,4.0,4.5,2.5,4.5,5.0,3.5,4.5,4.0,36.90,15,221.76,14,111.54,
15,KAZ,CHERVINSKAYA,101B,2.0,6.5,7.0,6.5,7.0,6.5,8.0,7.0,8.0,7.0,7.5,8.0,43.20,14,43.20,14,12.00,
,Lyubov,301C,2.0,6.5,7.5,7.0,7.0,7.0,6.5,7.0,7.0,8.0,8.5,7.0,43.20,=13,86.40,14,21.00,
,KHMEL Lyudmila,205C,2.8,2.5,3.0,2.5,5.5,4.5,4.0,4.0,4.0,4.0,5.0,5.0,33.60,15,120.00,15,58.50,
,405C,2.7,5.5,6.5,6.0,6.5,6.5,6.5,5.5,6.0,4.5,6.0,7.0,48.60,15,168.60,15,90.00,
,5233D,2.4,6.5,6.5,6.5,6.5,6.5,7.0,7.5,7.5,7.5,8.0,7.5,51.12,13,219.72,15,113.58,
Legend:,
=,Indicates the same rank by points,DD,Degree of difficulty,En,Execution judge number for reach diver,
No.,Number,Ovl Rk,Overall rank,Sn,Synchronisation judge number,
DVW201901_73F 1.0                                                                                                  Report created SAT 25 FEB 2012 15:00                                                                                                            Page 2 of 2,
,PYSMENSKA Anna,103B,2.0,8.0,7.5,8.0,8.0,8.5,8.5,9.0,9.0,9.0,9.0,9.0,52.20,=2,105.00,=3,1.80,
,205B,3.0,8.0,7.5,7.5,7.0,7.0,7.0,8.5,8.5,8.5,8.5,8.5,72.00,=2,177.00,2,9.00,
,5152B,3.0,7.5,6.0,7.0,8.0,8.0,8.0,7.0,7.5,8.0,7.0,7.5,66.60,6,243.60,4,20.70,
,305B,3.0,7.5,7.0,7.5,7.0,7.5,7.0,8.5,8.5,8.5,8.0,8.0,71.10,=4,314.70,5,30.60,
6,MAS,CHEONG Jun Hoong,101B,2.0,8.5,8.5,8.5,8.0,8.5,9.0,8.5,9.0,8.5,8.5,8.5,51.00,7,51.00,7,3.60,
,PAMG Pandelela,5231D,2.0,8.0,8.0,7.5,7.5,8.0,7.5,8.5,7.5,7.5,8.0,8.5,47.40,11,98.40,=9,8.40,
,Rinong,305B,3.0,8.0,7.5,8.0,7.0,6.5,6.0,7.5,7.5,7.0,7.5,8.0,66.60,=6,165.00,9,21.00,
,205B,3.0,8.0,7.5,8.5,7.0,7.5,7.0,7.0,7.0,7.5,8.0,7.0,65.70,7,230.70,=9,33.60,
,405B,3.0,7.0,6.5,7.5,7.0,8.0,8.0,8.5,8.0,8.0,8.0,8.0,70.20,=6,300.90,6,44.40,
7,MEX,ESPINOSA Paola,101B,2.0,8.5,8.0,8.5,8.0,8.5,9.0,9.0,8.5,9.5,8.5,9.0,52.20,6,52.20,6,2.40,
,SANCHEZ Laura,301B,2.0,8.0,8.0,8.5,7.5,8.0,7.5,8.5,8.5,8.0,8.5,8.0,48.60,=9,100.80,6,6.00,
,205B,3.0,7.0,7.0,6.5,7.0,7.5,6.5,7.0,7.5,7.5,8.0,8.0,66.60,=6,167.40,8,18.60,
,5152B,3.0,7.0,6.5,6.5,7.5,7.5,7.0,7.5,7.5,7.0,8.0,7.0,64.80,=8,232.20,8,32.10,
,405B,3.0,6.5,6.5,6.0,8.0,8.0,7.5,7.0,7.5,8.5,8.0,8.0,68.40,9,300.60,7,44.70,
8,AUS,SMITH Anabelle,101B,2.0,7.5,9.0,8.5,7.5,8.0,8.0,8.0,8.0,8.5,8.0,8.0,48.60,10,48.60,10,6.00,
,STRATTON Sharleen,301B,2.0,8.5,9.0,8.5,8.0,7.5,7.5,8.5,8.5,8.5,8.5,8.5,49.80,7,98.40,=9,8.40,
,205B,3.0,6.0,6.5,6.0,6.0,6.5,6.0,7.0,7.5,8.0,7.5,7.5,62.10,12,160.50,11,25.50,
,405B,3.0,7.5,7.0,7.0,7.5,8.0,7.5,8.0,8.0,8.5,8.0,8.5,70.20,4,230.70,=9,33.60,
,5152B,3.0,6.5,7.5,7.0,6.5,7.0,6.5,8.0,8.0,8.0,7.5,8.0,67.50,10,298.20,8,47.10,
9,GER,DIECKOW Katja,401B,2.0,8.5,8.0,7.5,8.0,8.0,8.0,8.5,8.5,8.5,8.5,9.0,49.80,9,49.80,9,4.80,
,SUBSCHINSKI Nora,101B,2.0,8.0,8.0,8.0,8.0,8.0,8.5,9.0,8.5,8.5,8.5,9.0,50.40,6,100.20,7,6.60,
,5152B,3.0,8.0,7.0,8.0,7.5,8.0,7.5,8.0,7.5,7.5,8.0,7.5,69.30,4,169.50,6,16.50,
,205B,3.0,6.0,5.5,5.5,7.0,7.0,7.5,7.0,7.5,7.5,7.5,7.5,63.00,11,232.50,7,31.80,
,305B,3.0,5.5,6.0,4.5,7.0,6.5,7.0,7.0,7.5,8.0,7.5,8.0,63.90,11,296.40,9,48.90,
10,JPN,NAKAGAWA Mai,401B,2.0,7.5,7.5,7.5,7.0,7.0,7.5,8.0,8.0,8.0,8.0,8.0,46.20,12,46.20,12,8.40,
,SHIBUSAWA Sayaka,101B,2.0,7.5,7.5,7.0,7.5,8.0,8.0,7.5,7.5,7.5,8.0,7.5,45.60,12,91.80,12,15.00,
,305B,3.0,6.5,7.0,7.0,6.0,6.5,6.5,7.5,6.5,7.5,7.0,7.0,63.00,=10,154.80,12,31.20,
,5152B,3.0,6.0,6.0,5.0,6.5,7.0,7.0,7.0,7.5,7.5,7.5,7.5,63.90,10,218.70,11,45.60,
,205B,3.0,7.0,7.0,7.0,7.5,7.5,7.0,8.0,8.0,8.0,7.5,8.0,69.30,8,288.00,10,57.30,
11,GBR,BLAGG Alicia,401B,2.0,8.0,8.0,8.0,8.5,8.0,9.0,8.5,8.5,9.0,8.5,8.5,50.40,8,50.40,8,4.20,
,GALLANTREE,101B,2.0,8.5,8.0,8.5,8.0,8.0,9.0,8.0,7.5,8.0,8.0,8.0,48.60,=9,99.00,8,7.80,
,Rebecca,205B,3.0,6.5,6.5,7.0,5.5,7.0,6.5,7.0,7.5,7.0,7.5,7.5,63.00,=10,162.00,10,24.00,
,305B,3.0,4.0,4.0,4.0,6.5,7.0,8.0,6.0,5.5,6.5,7.5,7.0,54.90,12,216.90,12,47.40,
,5152B,3.0,7.0,7.0,7.5,8.5,8.0,8.0,8.0,8.0,8.0,8.0,8.0,70.20,=6,287.10,11,58.20,
12,RUS,BAZHINA Nadezda,101B,2.0,8.0,8.5,7.5,7.5,7.5,8.0,8.0,8.0,8.0,8.0,8.0,47.40,11,47.40,11,7.20,
,POLYAKOVA Maria,401B,2.0,8.0,8.0,7.5,7.5,7.5,7.5,8.5,8.5,8.0,8.5,8.5,49.20,8,96.60,11,10.20,
,205B,3.0,7.0,7.0,7.5,7.5,8.0,7.5,8.5,8.5,8.5,8.5,8.0,72.00,=2,168.60,7,17.40,
,305B,3.0,5.5,6.5,6.5,6.5,6.5,7.0,7.0,7.5,7.5,8.0,8.0,64.80,=8,233.40,6,30.90,
,5335D,2.9,1.0,2.0,2.0,7.5,7.5,8.0,2.5,3.0,3.0,5.0,4.5,34.80,12,268.20,12,77.10,
DVW201101_73F 1.0                                                                                                  Report created SAT 25 FEB 2012 21:47                                                                                                            Page 1 of 2,
Liste des inscrits par CNO,
As of Thu 16 Feb 2012,
Ctry
Gender,Name,Date of Birth,Height (m / ft in),Weight (kg / lbs),Event Code,
AUS -,F F F F F F M M M,Australia
BUGG Rachel CROAK Alexandra SMITH Anabelle STRATTON Sharleen WIGGINS Loudy
WU Melissa MITCHAM Matthew NEL Grant WARREN Ethan,7 MAR 1989
9 JUL 1984
3 FEB 1993
9 OCT 1987
7 JUL 1979
3 MAY 1992
2 MAR 1988
7 APR 1988
2 OCT 1991,10M
10MS
3M / 3MS
3M / 3MS
10M
10MS
10M
3M / 3MS
3M / 3MS,
AUT -,F,Austria
KRATOCHWIL Veronika,9 09 1988,3M,
,F M M,SOMLOI Sophie BLAHA Constantin BRANDL Fabian,13 MAR 1994
1 DEC 1987
2 FEB 1992,3M
3M
3M,
AZE -,M,Azerbaijan
SOROKIN Dmitriy,2 01 1992,3M,
BLR -,M,Belarus
HORDEICHIK Timofei,4 01 1986,10M / 10MS,
,M,KAPTUR Vadim,12 07 1987,10M / 10MS,
BRA -,F,Brazil
MENDES Andressa,18 04 1997,10M,
,F M M M,VELOSO Juliana CASTRO Cesar DURAN Cassius PARISI Hugo,22 DEC 1980
2 SEP 1982
31 MAY 1979
1 AUG 1984,3M
3M
10M
10M,
CAN -,F,Canada
ABEL Jennifer,23 08 1991,3MS,
,F F F F M M M M M,BENFEITO Meaghan FILION Roseline HEYMANS Emilie WARE Pamela Lina DESPATIE Alexandre GEYSON Kevin Alan
McCORMICK Riley Jacob ROSS Reuben Daniel SEHN Eric Thomas,2 MAR 1989
3 JUL 1987
14 DEC 1982
12 FEB 1993
8 JUN 1985
12 APR 1984
25 AUG 1991
5 DEC 1985
16 NOV 1984,10M / 10MS
10M / 10MS
3M / 3MS
3M
3M / 3MS
10MS
10M
3M / 3MS
10M / 10MS,
CHI -,F,Chile
SOTOMAYOR Paula,13 03 1991,3M,
,M M,CARQUIN Diego NEGLIA Donato,30 NOV 1992
3 JAN 1993,3M / 3MS
3M / 3MS,
DV0000000_32A 1.0                                                                                                   Report created THU 16 FEB 2012 17:04                                                                                                           Page 1 of 6,
