Detailed Results,
R<8e>sultats d<8e>taill<8e>s,
Rank,Name,Ctry Code,Dive No.,DD,Judge's Score,Dive Points,Dive Rank,Total Points,Overall Rank,Points Behind,
,J1,J2,J3,J4,J5,J6,J7,
1,WU Minxia,CHN,405B,3.0,8.5,8.0,8.5,8.0,8.5,8.5,8.0,75.00,1,75.00,1,
,5335D,2.9,8.0,8.5,8.5,8.0,8.5,8.0,8.5,72.50,1,147.50,1,
,107B,3.1,8.5,7.5,8.5,8.0,8.5,8.5,8.5,79.05,1,226.55,1,
,305B,3.0,8.0,8.0,8.0,8.5,8.5,8.5,7.5,73.50,2,300.05,1,
,205B,3.0,8.0,7.5,9.0,8.5,9.0,8.5,8.5,76.50,=1,376.55,1,
2,HE Zi,CHN,405B,3.0,8.0,8.5,8.5,8.5,8.0,7.5,8.0,73.50,2,73.50,2,1.50,
,107B,3.1,6.5,8.0,8.0,7.0,8.0,7.5,7.0,69.75,=4,143.25,2,4.25,
,205B,3.0,8.0,9.0,9.0,7.5,8.5,8.5,7.5,75.00,2,218.25,2,8.30,
,305B,3.0,8.0,8.0,8.5,8.5,9.0,9.0,8.5,76.50,1,294.75,2,5.30,
,5152B,3.0,7.5,8.0,7.5,8.0,8.0,8.0,7.5,70.50,3,365.25,2,11.30,
3,CAGNOTTO Tania,ITA,205B,3.0,8.0,8.0,8.0,8.0,8.0,8.0,7.5,72.00,=3,72.00,=3,3.00,
,5152B,3.0,7.0,7.0,7.0,7.5,6.5,7.0,7.0,63.00,=9,135.00,4,12.50,
,107B,3.1,7.5,8.0,7.5,7.5,6.0,7.5,7.5,69.75,=5,204.75,3,21.80,
,405B,3.0,7.0,7.0,7.0,6.5,7.0,7.0,6.5,63.00,=11,267.75,4,32.30,
,305B,3.0,8.5,8.5,9.0,7.5,9.0,8.5,8.0,76.50,=1,344.25,3,32.30,
4,STRATTON Sharleen,AUS,205B,3.0,7.0,6.5,6.5,6.5,7.0,6.5,6.0,58.50,=18,58.50,=18,16.50,
,405B,3.0,7.0,8.0,7.5,8.0,8.0,7.0,8.0,70.50,=2,129.00,7,18.50,
,107B,3.1,7.5,8.0,8.0,8.0,7.5,7.5,8.0,72.85,3,201.85,5,24.70,
,305B,3.0,7.5,7.5,8.0,7.0,8.0,8.0,7.5,69.00,=4,270.85,3,29.20,
,5152B,3.0,7.0,7.5,7.5,7.5,8.0,7.5,7.5,67.50,=5,338.35,4,38.20,
5,LOUKAS Christina,USA,405B,3.0,8.0,7.5,7.5,7.0,7.0,7.5,7.0,66.00,8,66.00,8,9.00,
,107B,3.1,7.5,7.0,7.0,7.0,8.0,7.5,7.5,68.20,6,134.20,5,13.30,
,205B,3.0,7.5,7.5,8.0,7.5,7.5,8.0,8.0,69.00,7,203.20,4,23.35,
,305B,3.0,7.0,8.0,6.5,7.0,7.0,7.0,7.0,63.00,=11,266.20,5,33.85,
,5152B,3.0,7.5,8.0,7.5,7.5,8.5,8.0,7.5,69.00,4,335.20,5,41.35,
6,SUBSCHINSKI Nora,GER,405C,2.7,7.0,7.0,7.0,7.0,7.0,7.0,6.5,56.70,=23,56.70,=23,18.30,
,107B,3.1,7.0,8.0,7.5,7.5,7.0,7.5,7.5,69.75,=4,126.45,9,21.05,
,205B,3.0,7.5,7.0,7.0,7.0,6.5,7.0,7.0,63.00,=12,189.45,11,37.10,
,305B,3.0,7.5,8.0,7.5,7.0,8.0,7.5,7.0,67.50,=6,256.95,8,43.10,
,5152B,3.0,7.5,7.5,7.5,7.0,8.0,7.5,7.5,67.50,=5,324.45,6,52.10,
7,CHEONG Jun Hoong,MAS,405C,2.7,8.0,7.5,8.0,8.0,8.0,7.5,8.0,64.80,9,64.80,9,10.20,
,107C,2.8,7.0,7.0,6.5,6.0,6.5,6.0,6.5,54.60,=28,119.40,18,28.10,
,305B,3.0,8.0,7.5,8.0,7.5,8.0,8.0,8.0,72.00,4,191.40,8,35.15,
,205B,3.0,8.0,8.0,8.0,8.5,8.0,8.0,8.0,72.00,3,263.40,6,36.65,
,5335D,2.9,6.5,7.5,6.0,7.5,7.0,6.5,7.5,60.90,22,324.30,7,52.25,
8,KRUG Cassidy,USA,405B,3.0,7.5,8.0,7.5,8.5,7.5,8.0,7.5,69.00,5,69.00,5,6.00,
,107B,3.1,8.0,7.0,7.0,7.0,6.5,7.5,7.5,66.65,7,135.65,3,11.85,
,205B,3.0,7.5,7.0,7.0,8.0,7.5,7.0,7.0,64.50,=8,200.15,7,26.40,
,305B,3.0,5.5,7.0,6.0,5.5,6.0,6.0,5.0,52.50,=28,252.65,10,47.40,
,5152B,3.0,7.5,7.5,7.5,7.0,7.5,7.0,7.0,66.00,=9,318.65,8,57.90,
9,GALLANTREE,GBR,5152B,3.0,8.0,8.0,8.5,8.0,7.5,8.0,8.0,72.00,=3,72.00,=3,3.00,
,Rebecca,305B,3.0,6.0,6.5,7.0,6.0,5.5,7.0,7.0,58.50,=22,130.50,6,17.00,
,107B,3.1,7.0,7.0,7.5,7.5,7.5,7.5,7.5,69.75,=5,200.25,6,26.30,
,405C,2.7,8.0,7.0,7.5,7.5,8.0,8.0,7.5,62.10,17,262.35,7,37.70,
,205B,3.0,6.0,7.0,6.0,6.0,6.5,6.5,5.5,55.50,25,317.85,9,58.70,
10,HEYMANS Emilie,CAN,205B,3.0,7.5,7.5,7.5,7.5,7.0,7.5,7.0,67.50,=6,67.50,=6,7.50,
,107C,2.8,7.0,7.0,7.0,7.5,7.0,7.0,7.0,58.80,=18,126.30,10,21.20,
,405C,2.7,7.5,7.5,8.5,8.5,8.0,7.5,8.0,63.45,11,189.75,10,36.80,
,305B,3.0,7.5,6.5,7.5,7.0,7.5,7.5,7.0,66.00,9,255.75,9,44.30,
,5152B,3.0,7.0,6.5,7.5,6.5,7.0,7.0,6.5,61.50,=18,317.25,10,59.30,
11,LINDBERG Anna,SWE,205B,3.0,7.0,6.5,6.0,6.5,6.0,7.0,6.5,58.50,=18,58.50,=18,16.50,
,107B,3.1,7.0,6.0,6.0,6.5,5.5,6.5,7.0,58.90,17,117.40,20,30.10,
,305B,3.0,7.0,7.5,7.0,8.0,7.0,7.0,7.5,64.50,=8,181.90,17,44.65,
,405B,3.0,8.0,7.0,7.5,7.5,8.0,7.5,7.0,67.50,=6,249.40,14,50.65,
,5152B,3.0,7.5,7.0,7.5,7.5,7.5,7.5,7.5,67.50,=5,316.90,11,59.65,
12,WARE Pamela,CAN,205B,3.0,7.5,7.5,7.5,7.0,7.0,7.0,6.5,64.50,=10,64.50,=10,10.50,
,107B,3.1,6.0,6.0,6.5,6.5,6.5,6.5,7.0,60.45,14,124.95,12,22.55,
,405B,3.0,7.0,7.0,7.0,7.0,6.5,7.0,6.5,63.00,=12,187.95,12,38.60,
,305B,3.0,7.0,8.0,7.0,7.5,7.5,7.0,7.0,64.50,10,252.45,11,47.60,
,5152B,3.0,7.0,7.0,6.5,7.0,6.5,7.0,6.0,61.50,=18,313.95,12,62.60,
13,FEDOROVA Olena,UKR,107C,2.8,8.5,7.5,8.0,7.5,7.5,7.5,7.5,63.00,=12,63.00,=12,12.00,
,205B,3.0,7.0,6.5,6.0,6.0,6.5,6.5,6.0,57.00,25,120.00,17,27.50,
,305B,3.0,6.5,7.0,6.5,7.0,7.0,7.0,7.0,63.00,=12,183.00,16,43.55,
,405B,3.0,7.0,8.5,7.5,7.5,7.5,7.5,7.0,67.50,=6,250.50,12,49.55,
,5152B,3.0,6.5,7.0,7.0,5.0,6.0,7.0,6.5,60.00,24,310.50,13,66.05,
DVW001901_73E 1.0                                                                                                  Report created THU 23 FEB 2012 16:41                                                                                                           Page 1 of 4,
Detailed Results,
R<8e>sultats d<8e>taill<8e>s,
Rank,Name,Ctry Code,Dive No.,DD,Judge's Score,Dive Points,Dive Rank,Total Points,Overall Rank,Points Behind,
,J1,J2,J3,J4,J5,J6,J7,
14,SMITH Anabelle,AUS,205B,3.0,7.0,7.5,7.0,7.0,7.0,7.5,6.5,63.00,=12,63.00,=12,12.00,
,107C,2.8,7.0,7.0,7.5,7.0,7.5,7.0,7.5,60.20,15,123.20,15,24.30,
,405B,3.0,7.5,6.5,7.0,7.0,7.5,7.0,7.0,63.00,=12,186.20,14,40.35,
,305B,3.0,6.5,7.0,6.0,7.0,6.5,6.5,6.5,58.50,20,244.70,15,55.35,
,5152B,3.0,7.0,7.0,7.5,7.0,7.5,7.5,7.0,64.50,12,309.20,14,67.35,
15,KESAR Victoriya,UKR,405B,3.0,6.5,5.5,7.5,6.5,7.5,7.0,7.5,63.00,=12,63.00,=12,12.00,
,5152B,3.0,6.5,6.0,6.5,6.5,6.5,6.0,6.5,58.50,=22,121.50,16,26.00,
,205B,3.0,7.0,7.0,6.5,7.0,6.0,7.0,7.5,63.00,=12,184.50,15,42.05,
,305B,3.0,6.5,7.5,6.5,7.0,7.0,6.5,6.5,60.00,=18,244.50,16,55.55,
,107B,3.1,7.0,7.0,7.5,6.5,7.0,6.5,6.5,63.55,14,308.05,15,68.50,
16,HERNANDEZ Dolores,MEX,405B,3.0,6.5,6.5,6.5,7.0,6.5,7.0,7.0,60.00,17,60.00,17,15.00,
,107C,2.8,7.0,7.0,7.0,7.0,6.5,7.0,7.0,58.80,=18,118.80,19,28.70,
,305B,3.0,7.5,6.0,7.0,6.0,6.0,6.5,6.5,57.00,23,175.80,21,50.75,
,205B,3.0,7.5,7.0,7.0,7.0,6.0,7.0,7.0,63.00,=11,238.80,19,61.25,
,5152B,3.0,7.5,7.5,7.5,7.5,7.5,7.5,7.5,67.50,=5,306.30,16,70.25,
17,CASTILLO Joselyn,VEN,5152B,3.0,5.5,6.5,7.0,6.0,7.0,6.0,7.0,58.50,=18,58.50,=18,16.50,
,107C,2.8,7.5,7.0,7.0,6.5,6.5,6.5,7.0,57.40,24,115.90,23,31.60,
,305C,2.8,7.0,7.5,7.5,7.0,7.0,6.5,7.5,60.20,20,176.10,20,50.45,
,205B,3.0,7.0,7.5,7.0,7.5,7.0,7.0,7.0,63.00,=11,239.10,18,60.95,
,405B,3.0,7.0,7.0,7.5,6.5,6.0,7.0,6.5,61.50,=18,300.60,17,75.95,
18,SANCHEZ Laura,MEX,405B,3.0,6.5,6.0,6.5,6.5,7.0,7.0,6.5,58.50,=18,58.50,=18,16.50,
,205B,3.0,6.0,6.5,7.5,8.0,7.5,7.5,7.0,66.00,8,124.50,=13,23.00,
,305B,3.0,6.5,5.5,6.0,6.0,6.0,5.5,6.0,54.00,=32,178.50,18,48.05,
,107B,3.1,6.0,5.0,6.0,6.0,6.5,6.0,6.0,55.80,23,234.30,20,65.75,
,5152B,3.0,7.5,7.5,7.0,7.0,7.5,7.5,7.0,66.00,=9,300.30,18,76.25,
19,STARLING Hannah,GBR,405B,3.0,7.0,7.5,7.5,7.5,7.0,7.5,7.5,67.50,=6,67.50,=6,7.50,
,107B,3.1,3.5,4.5,5.0,4.5,5.5,5.0,5.5,44.95,40,112.45,25,35.05,
,305B,3.0,6.0,6.5,7.0,6.0,6.0,6.0,6.5,55.50,=25,167.95,25,58.60,
,205B,3.0,7.0,7.0,6.5,6.5,7.0,6.5,6.5,60.00,=18,227.95,21,72.10,
,5152B,3.0,7.5,7.0,7.0,7.5,7.0,7.5,7.5,66.00,=9,293.95,19,82.60,
20,PHILIPPOVA Svetlana,RUS,405C,2.7,7.0,7.0,7.0,6.5,6.5,7.0,7.0,56.70,=23,56.70,=23,18.30,
,107C,2.8,5.5,5.0,4.5,5.0,5.5,5.0,5.0,42.00,41,98.70,37,48.80,
,205B,3.0,6.5,5.5,6.0,6.0,6.5,6.0,6.0,54.00,=32,152.70,35,73.85,
,305B,3.0,7.5,7.5,8.0,7.5,8.5,8.0,7.5,69.00,=4,221.70,23,78.35,
,5335D,2.9,7.0,7.0,7.5,7.0,7.5,8.0,7.5,63.80,13,285.50,20,91.05,
21,DALLAPE Francesca,ITA,405B,3.0,6.5,6.0,6.0,6.0,6.5,6.0,6.0,54.00,=29,54.00,=29,21.00,
,5152B,3.0,8.5,7.5,8.0,8.0,7.5,7.5,8.5,70.50,=2,124.50,=13,23.00,
,107B,3.1,7.5,6.0,6.5,6.5,6.5,7.0,7.0,62.00,18,186.50,13,40.05,
,205B,3.0,7.5,7.0,6.5,8.0,7.0,7.0,7.0,63.00,=11,249.50,13,50.55,
,305B,3.0,4.5,5.0,3.5,3.0,4.0,3.0,3.0,31.50,46,281.00,21,95.55,
22,SOMLOI Sophie,AUT,405C,2.7,7.5,7.0,7.0,7.5,7.5,7.0,6.0,58.05,22,58.05,22,16.95,
,107C,2.8,7.0,6.5,7.0,7.5,7.5,7.0,7.0,58.80,=18,116.85,22,30.65,
,5152B,3.0,7.0,6.5,6.5,7.0,7.0,6.5,7.0,61.50,19,178.35,19,48.20,
,205C,2.8,7.5,7.5,6.5,7.5,7.5,7.5,7.5,63.00,=11,241.35,17,58.70,
,305C,2.8,4.5,5.0,5.0,5.0,4.5,4.5,4.5,39.20,40,280.55,22,96.00,
23,BAZHINA Nadezda,RUS,405B,3.0,7.5,6.5,7.0,7.0,7.5,7.0,7.0,63.00,=12,63.00,=12,12.00,
,205B,3.0,7.0,7.0,7.0,7.0,7.0,7.0,6.5,63.00,=9,126.00,11,21.50,
,305B,3.0,7.0,7.5,7.5,7.5,7.0,7.0,7.0,64.50,=8,190.50,9,36.05,
,107B,3.1,4.0,3.5,4.5,3.5,4.0,4.5,4.0,37.20,40,227.70,22,72.35,
,5335D,2.9,6.0,6.0,5.5,7.0,5.5,6.0,6.0,52.20,=26,279.90,23,96.65,
24,DIECKOW Katja,GER,5152B,3.0,6.0,6.5,6.0,6.0,6.0,6.0,6.0,54.00,=29,54.00,=29,21.00,
,107C,2.8,4.5,5.5,4.5,5.0,4.5,4.5,5.5,39.20,42,93.20,42,54.30,
,205B,3.0,7.0,7.0,7.0,7.0,7.0,6.5,7.0,63.00,=12,156.20,32,70.35,
,305B,3.0,7.0,6.5,6.0,6.0,6.0,6.5,6.0,55.50,24,211.70,27,88.35,
,405B,3.0,7.0,7.0,7.0,6.0,7.0,7.0,7.0,63.00,=15,274.70,24,101.85,
25,FARISSIER Marion,FRA,405C,2.7,6.0,6.5,6.5,6.0,7.0,6.5,6.5,52.65,=35,52.65,=35,22.35,
,107C,2.8,7.0,6.5,6.0,7.0,7.0,7.0,7.0,58.80,=18,111.45,27,36.05,
,205B,3.0,6.0,6.0,6.0,4.5,5.5,6.0,6.0,54.00,=32,165.45,27,61.10,
,5152B,3.0,6.0,6.5,6.0,6.5,6.0,6.0,6.0,54.00,=26,219.45,24,80.60,
,305B,3.0,4.5,6.0,5.0,5.0,5.0,4.5,5.0,45.00,=37,264.45,25,112.10,
26,MABUCHI Yuka,JPN,105B,2.4,8.5,8.0,8.5,7.5,7.5,7.5,8.0,56.40,28,56.40,28,18.60,
,405C,2.7,7.0,6.5,7.5,6.5,7.5,6.0,7.0,55.35,27,111.75,26,35.75,
,5134D,2.5,8.0,7.5,7.5,7.5,7.0,7.5,8.0,56.25,24,168.00,24,58.55,
,205C,2.8,4.0,6.0,4.5,4.0,3.5,4.0,3.5,33.60,=43,201.60,31,98.45,
,305C,2.8,7.5,7.0,7.5,7.5,7.5,7.0,7.0,61.60,17,263.20,26,113.35,
DVW001901_73E 1.0                                                                                                  Report created THU 23 FEB 2012 16:41                                                                                                           Page 2 of 4,
Detailed Results,
R<8e>sultats d<8e>taill<8e>s,
Rank,Name,Ctry Code,Dive No.,DD,Judge's Score,Dive Points,Dive Rank,Total Points,Overall Rank,Points Behind,
,J1,J2,J3,J4,J5,J6,J7,
27,KRATOCHWIL,AUT,405B,3.0,6.0,6.0,6.5,6.0,6.0,6.0,6.0,54.00,=29,54.00,=29,21.00,
,Veronika,107C,2.8,6.5,6.5,6.5,6.0,7.0,5.5,6.5,54.60,=28,108.60,30,38.90,
,205C,2.8,6.5,6.0,6.0,6.0,5.5,6.0,6.0,50.40,=36,159.00,30,67.55,
,305B,3.0,6.0,6.5,5.5,6.5,6.5,5.5,5.5,54.00,=26,213.00,26,87.05,
,5335D,2.9,5.5,5.0,5.5,5.5,6.0,5.5,5.5,47.85,34,260.85,27,115.70,
28,GONDOS Flora,HUN,105B,2.4,7.0,7.0,7.0,7.5,6.5,7.0,6.5,50.40,39,50.40,39,24.60,
,Piroska,405C,2.7,7.0,7.5,7.5,7.5,8.0,7.0,7.0,59.40,16,109.80,29,37.70,
,305C,2.8,7.0,7.0,7.5,7.5,7.0,6.5,7.0,58.80,21,168.60,23,57.95,
,205C,2.8,5.5,6.0,6.0,6.5,6.0,4.5,5.5,49.00,31,217.60,25,82.45,
,5235D,2.8,5.5,5.0,5.0,7.0,5.0,3.0,4.5,42.00,39,259.60,28,116.95,
29,BARTA Nora,HUN,405C,2.7,7.0,7.0,7.5,7.0,7.0,7.0,7.0,56.70,=23,56.70,=23,18.30,
,105B,2.4,8.0,7.0,7.5,7.5,7.5,7.5,7.5,54.00,30,110.70,28,36.80,
,205C,2.8,7.0,6.5,6.0,6.5,6.5,6.5,6.5,54.60,=27,165.30,28,61.25,
,305C,2.8,3.5,3.0,3.5,4.0,4.0,3.5,3.0,29.40,45,194.70,35,105.35,
,5235D,2.8,7.0,6.5,7.0,7.5,7.5,7.0,7.5,60.20,23,254.90,29,121.65,
30,CHAN Sharon,HKG,105B,2.4,5.5,4.5,6.0,4.5,5.5,4.5,4.5,34.80,47,34.80,47,40.20,
,405C,2.7,7.0,7.5,7.5,7.5,5.5,7.5,7.5,60.75,13,95.55,39,51.95,
,205C,2.8,7.0,6.5,7.0,6.5,6.5,7.0,7.0,57.40,22,152.95,34,73.60,
,305C,2.8,4.5,5.0,4.5,5.0,4.5,4.0,3.5,37.80,=38,190.75,37,109.30,
,5152B,3.0,6.5,7.5,6.5,7.5,7.0,6.5,7.0,61.50,=18,252.25,30,124.30,
31,JANSEN Inge,NED,405C,2.7,7.5,7.5,7.0,7.5,7.0,7.5,7.5,60.75,16,60.75,16,14.25,
,305C,2.8,6.0,6.0,6.0,6.5,7.0,6.0,6.5,51.80,=32,112.55,24,34.95,
,5235D,2.8,6.5,6.5,6.5,6.5,6.5,6.5,6.5,54.60,=27,167.15,26,59.40,
,107C,2.8,5.0,4.5,5.0,5.0,4.0,4.5,4.0,39.20,36,206.35,30,93.70,
,205B,3.0,5.0,5.0,5.0,6.0,6.0,5.0,4.5,45.00,=37,251.35,31,125.20,
32,SHIBUSAWA Sayaka,JPN,205B,3.0,6.5,7.0,7.5,7.5,7.5,6.5,7.0,64.50,=10,64.50,=10,10.50,
,5152B,3.0,7.0,7.0,7.0,6.5,7.0,7.0,7.0,63.00,=9,127.50,8,20.00,
,107B,3.1,5.5,5.5,5.5,5.0,5.0,5.0,5.0,48.05,38,175.55,22,51.00,
,305B,3.0,4.0,5.0,3.5,4.5,4.0,4.0,3.0,36.00,41,211.55,28,88.50,
,405B,3.0,4.5,4.0,4.5,4.0,4.5,4.5,4.0,39.00,41,250.55,32,126.00,
33,EIZAGUIRRE Leyre,ESP,105B,2.4,6.5,6.5,5.5,7.0,6.5,6.0,6.5,46.80,=43,46.80,=43,28.20,
,405C,2.7,6.0,6.0,6.0,5.5,6.5,5.5,6.0,48.60,=37,95.40,=40,52.10,
,205C,2.8,6.0,5.0,5.5,5.5,6.0,5.0,5.0,44.80,=40,140.20,39,86.35,
,305C,2.8,7.0,7.0,7.0,6.0,7.0,6.5,6.5,57.40,=21,197.60,33,102.45,
,5335D,2.9,5.0,6.5,6.0,6.0,6.0,6.0,5.0,52.20,=26,249.80,33,126.75,
34,IVEZIC Marija,SRB,405C,2.7,6.5,7.5,7.0,6.5,7.0,7.0,7.0,56.70,=23,56.70,=23,18.30,
,107C,2.8,6.5,6.0,6.5,6.0,6.0,6.0,6.5,51.80,=32,108.50,=31,39.00,
,305C,2.8,6.0,4.5,4.5,5.0,5.5,5.5,5.5,44.80,=40,153.30,33,73.25,
,205C,2.8,6.5,6.0,7.0,7.0,7.0,7.0,6.5,57.40,=21,210.70,29,89.35,
,5251C,2.5,5.5,4.5,5.5,4.5,5.5,4.5,5.0,37.50,=42,248.20,34,128.35,
35,BENITEZ Jennifer,ESP,405C,2.7,7.5,7.0,8.0,6.5,7.5,6.5,6.5,56.70,=23,56.70,=23,18.30,
,205C,2.8,6.5,6.0,6.0,6.5,8.0,6.0,6.0,51.80,=32,108.50,=31,39.00,
,305C,2.8,7.0,6.5,6.5,6.0,6.5,6.5,6.0,54.60,=27,163.10,29,63.45,
,5333D,2.5,5.5,5.0,4.5,5.5,4.5,4.5,4.5,35.00,42,198.10,32,101.95,
,105B,2.4,6.5,6.5,6.5,6.0,7.0,6.5,6.0,46.80,35,244.90,35,131.65,
36,BOUVET Fanny,FRA,105B,2.4,6.5,5.5,6.0,6.5,6.0,6.0,7.0,44.40,45,44.40,45,30.60,
,5152B,3.0,6.0,5.5,6.0,5.5,5.5,5.5,6.0,51.00,35,95.40,=40,52.10,
,205C,2.8,6.5,6.0,6.0,6.0,5.5,6.0,6.5,50.40,=36,145.80,38,80.75,
,305C,2.8,6.0,6.0,5.5,6.0,4.5,5.5,4.5,47.60,34,193.40,36,106.65,
,405C,2.7,6.5,5.0,6.5,5.5,6.0,6.5,6.5,51.30,29,244.70,36,131.85,
37,KARVONEN Taina,FIN,405C,2.7,6.5,6.0,6.0,6.5,7.0,6.5,7.0,52.65,=35,52.65,=35,22.35,
,105B,2.4,7.5,7.0,6.5,6.5,7.0,6.5,7.0,49.20,36,101.85,=35,45.65,
,303A,2.6,6.5,5.0,6.0,5.5,6.5,6.0,6.0,46.80,39,148.65,37,77.90,
,205B,3.0,4.5,4.0,5.0,4.0,4.0,4.5,4.5,39.00,37,187.65,38,112.40,
,5233D,2.4,7.0,6.0,7.0,7.0,7.0,7.0,6.5,50.40,=30,238.05,37,138.50,
38,KIM Suji,KOR,105B,2.4,7.5,7.5,7.5,7.5,8.0,7.5,7.5,54.00,=29,54.00,=29,21.00,
,405C,2.7,6.0,6.0,6.5,6.0,5.0,6.5,6.0,48.60,=37,102.60,34,44.90,
,205C,2.8,7.0,7.5,6.5,6.5,6.0,6.5,6.5,54.60,=27,157.20,31,69.35,
,305C,2.8,5.0,4.5,4.5,4.0,4.5,4.5,4.5,37.80,=38,195.00,34,105.05,
,5152B,3.0,5.5,4.0,4.0,3.5,4.5,4.0,4.5,37.50,=42,232.50,38,144.05,
39,VELOSO Juliana,BRA,107B,3.1,6.0,6.0,6.0,5.5,3.5,5.5,5.5,52.70,34,52.70,34,22.30,
,205B,3.0,4.5,4.0,4.0,4.0,5.0,4.0,4.0,36.00,44,88.70,43,58.80,
,305B,3.0,4.5,4.0,3.5,3.5,2.5,3.0,3.0,30.00,44,118.70,46,107.85,
,405B,3.0,5.5,6.5,5.5,5.0,6.0,5.0,5.0,48.00,33,166.70,44,133.35,
,5152B,3.0,7.0,7.0,7.0,6.0,7.0,7.0,6.5,63.00,=15,229.70,39,146.85,
DVW001901_73E 1.0                                                                                                  Report created THU 23 FEB 2012 16:41                                                                                                           Page 3 of 4,
Detailed Results,
R<8e>sultats d<8e>taill<8e>s,
Rank,Name,Ctry Code,Dive No.,DD,Judge's Score,Dive Points,Dive Rank,Total Points,Overall Rank,Points Behind,
,J1,J2,J3,J4,J5,J6,J7,
40,JIMENEZ Luisa M.,PUR,405C,2.7,6.0,6.0,6.0,5.5,6.0,6.0,6.0,48.60,41,48.60,41,26.40,
,305C,2.8,4.0,3.5,3.5,3.0,4.5,3.0,3.5,29.40,46,78.00,46,69.50,
,107C,2.8,5.5,5.0,5.5,5.0,4.5,4.0,5.5,43.40,42,121.40,45,105.15,
,205C,2.8,6.5,6.0,6.5,6.5,6.5,6.5,6.5,54.60,25,176.00,42,124.05,
,5235D,2.8,6.0,6.0,6.0,6.0,6.0,5.5,5.5,50.40,=30,226.40,40,150.15,
41,YAN YEE Ng,MAS,405B,3.0,6.0,5.5,6.0,6.0,6.5,6.0,5.5,54.00,=29,54.00,=29,21.00,
,5152B,3.0,7.0,8.0,7.0,6.0,7.5,7.0,7.0,63.00,=9,117.00,21,30.50,
,205B,3.0,2.5,2.5,2.0,2.0,1.0,2.0,1.5,18.00,47,135.00,41,91.55,
,305B,3.0,5.5,5.0,6.0,6.5,6.0,6.0,5.5,52.50,=28,187.50,39,112.55,
,107B,3.1,3.5,6.5,4.0,4.0,4.0,3.5,3.5,35.65,45,223.15,41,153.40,
42,MOSKALENKO,KAZ,105B,2.4,6.5,7.0,6.5,6.5,7.5,6.5,7.0,48.00,42,48.00,42,27.00,
,Olessya,205C,2.8,7.5,7.0,6.5,6.0,7.0,6.5,6.5,56.00,26,104.00,33,43.50,
,305C,2.8,3.0,3.0,3.0,2.0,2.5,2.0,3.5,23.80,45,127.80,=42,98.75,
,405C,2.7,6.0,8.0,6.5,6.0,6.0,6.0,5.5,48.60,32,176.40,41,123.65,
,5233D,2.4,6.0,6.5,6.5,6.5,6.5,5.5,6.0,45.60,36,222.00,42,154.55,
43,MARIC Marcela,CRO,205C,2.8,4.5,4.5,4.5,4.5,5.0,4.5,4.5,37.80,46,37.80,46,37.20,
,107B,3.1,2.0,2.0,2.5,1.5,2.5,2.0,2.0,18.60,47,56.40,47,91.10,
,5152B,3.0,6.5,6.5,6.0,6.0,7.5,5.5,6.0,55.50,=25,111.90,47,114.65,
,305B,3.0,6.0,6.5,5.5,7.0,5.0,5.5,5.0,51.00,30,162.90,45,137.15,
,405C,2.7,6.0,6.5,6.0,6.0,5.5,6.5,6.5,49.95,32,212.85,43,163.70,
44,KHMEL Lyudmila,KAZ,105B,2.4,7.0,6.5,6.5,6.5,6.5,6.5,6.0,46.80,=43,46.80,=43,28.20,
,205C,2.8,5.0,4.0,4.0,4.5,4.5,4.5,4.5,37.80,43,84.60,44,62.90,
,405C,2.7,6.0,5.0,5.5,5.0,7.0,4.5,5.5,43.20,43,127.80,=42,98.75,
,305C,2.8,4.0,3.5,4.0,5.0,4.0,4.0,3.5,33.60,=43,161.40,46,138.65,
,5233D,2.4,7.0,7.0,7.0,7.0,6.5,6.0,6.5,49.20,33,210.60,44,165.95,
45,CHO Eunbi,KOR,105B,2.4,7.5,7.0,7.5,7.0,7.0,7.0,8.0,51.60,37,51.60,37,23.40,
,405C,2.7,6.0,5.5,5.5,5.5,6.0,5.5,6.0,45.90,39,97.50,38,50.00,
,205C,2.8,7.0,6.0,6.0,6.0,7.0,6.5,6.0,51.80,35,149.30,36,77.25,
,305C,2.8,3.0,2.0,3.0,4.0,2.5,2.5,2.5,22.40,46,171.70,43,128.35,
,5152B,3.0,3.0,3.5,4.5,4.5,4.5,4.0,4.0,37.50,=42,209.20,45,167.35,
46,SOTOMAYOR Paula,CHI,405C,2.7,6.5,6.0,7.0,6.5,6.0,6.0,6.5,51.30,38,51.30,38,23.70,
,105B,2.4,4.5,4.5,4.5,4.5,5.0,4.5,5.0,32.40,45,83.70,45,63.80,
,205C,2.8,7.0,6.0,6.5,6.5,7.0,6.5,6.0,54.60,=27,138.30,40,88.25,
,305C,2.8,5.0,5.0,4.5,5.5,5.0,5.5,4.5,42.00,35,180.30,40,119.75,
,5152C,2.8,3.5,2.0,4.0,3.5,3.0,3.0,3.5,28.00,47,208.30,46,168.25,
47,CHLANDA Magdalena,POL,105B,2.4,7.5,6.5,7.0,7.0,6.5,7.0,6.5,49.20,40,49.20,40,25.80,
,405C,2.7,6.5,5.5,6.5,6.0,7.0,6.5,6.5,52.65,31,101.85,=35,45.65,
,205C,2.8,3.0,2.5,2.5,2.5,2.5,3.0,2.0,21.00,46,122.85,44,103.70,
,305C,2.8,2.0,2.0,2.0,3.5,3.0,2.0,2.0,16.80,47,139.65,47,160.40,
,5235D,2.8,6.5,5.0,6.0,6.0,6.5,6.5,6.0,51.80,28,191.45,47,185.10,
Note:
For more detail on the judges see Panel of Judges for this session.,
Legend:,
=
No.,Indicates the same rank by points Number,DD
No.,Degree of difficulty Number,Jn,Judge number n,
DVW001901_73E 1.0                                                                                                  Report created THU 23 FEB 2012 16:41                                                                                                           Page 4 of 4,
Demi-finale,
Dive List,
Liste de plongeon,
Start Order,Name,Ctry Code,Round 1,Round 2,Round 3,Round 4,Round 5,
,Dive No.,DD,Dive No.,DD,Dive No.,DD,Dive No.,DD,Dive No.,DD,
1,SANCHEZ Laura,MEX,405B,3.0,107C,2.8,205B,3.0,305B,3.0,5152B,3.0,
2,CASTILLO Joselyn,VEN,5152B,3.0,107C,2.8,305C,2.8,205B,3.0,405B,3.0,
3,HERNANDEZ Dolores,MEX,405B,3.0,107C,2.8,305B,3.0,205B,3.0,5152B,3.0,
4,KESAR Victoriya,UKR,405B,3.0,5152B,3.0,205B,3.0,305B,3.0,107B,3.1,
5,SMITH Anabelle,AUS,205B,3.0,107C,2.8,405B,3.0,305B,3.0,5152B,3.0,
6,FEDOROVA Olena,UKR,107C,2.8,205B,3.0,305B,3.0,405B,3.0,5152B,3.0,
7,WARE Pamela,CAN,205B,3.0,107B,3.1,405B,3.0,305B,3.0,5152B,3.0,
8,LINDBERG Anna,SWE,205B,3.0,107B,3.1,305B,3.0,405B,3.0,5152B,3.0,
9,HEYMANS Emilie,CAN,205B,3.0,107C,2.8,405C,2.7,305B,3.0,5152B,3.0,
10,GALLANTREE Rebecca,GBR,5152B,3.0,305B,3.0,107B,3.1,405C,2.7,205B,3.0,
11,KRUG Cassidy,USA,405B,3.0,107B,3.1,205B,3.0,305B,3.0,5152B,3.0,
12,CHEONG Jun Hoong,MAS,405C,2.7,107C,2.8,305B,3.0,205B,3.0,5335D,2.9,
13,SUBSCHINSKI Nora,GER,405C,2.7,107B,3.1,205B,3.0,305B,3.0,5152B,3.0,
14,LOUKAS Christina,USA,405B,3.0,107B,3.1,205B,3.0,305B,3.0,5152B,3.0,
15,STRATTON Sharleen,AUS,205B,3.0,405B,3.0,107B,3.1,305B,3.0,5152B,3.0,
16,CAGNOTTO Tania,ITA,205B,3.0,5152B,3.0,107B,3.1,405B,3.0,305B,3.0,
17,HE Zi,CHN,405B,3.0,107B,3.1,205B,3.0,305B,3.0,5152B,3.0,
18,WU Minxia,CHN,405B,3.0,5335D,2.9,107B,3.1,305B,3.0,205B,3.0,
Legend:
DD          Degree of difficulty          No.          Number,
DVW001201_51E 1.0                                                                                                  Report created THU 23 FEB 2012 17:58                                                                                                           Page 1 of 1,
Demi-finale,
Detailed Results,
R<8e>sultats d<8e>taill<8e>s,
Rank,Name,Ctry Code,Dive No.,DD,Judge's Score,Dive Points,Dive Rank,Total Points,Overall Rank,Points Behind,
,J1,J2,J3,J4,J5,J6,J7,
1,HE Zi,CHN,405B,3.0,7.5,8.5,8.5,7.5,8.5,8.0,7.5,72.00,=1,72.00,=1,
,107B,3.1,8.0,7.5,7.5,7.0,7.5,7.5,7.5,69.75,=1,141.75,1,
,205B,3.0,8.0,8.0,8.0,8.0,8.0,8.0,8.0,72.00,=1,213.75,1,
,305B,3.0,8.5,8.5,8.5,8.5,8.5,9.0,8.5,76.50,1,290.25,1,
,5152B,3.0,7.5,8.0,7.5,7.5,8.0,8.0,8.0,70.50,=2,360.75,1,
2,WU Minxia,CHN,405B,3.0,8.0,8.5,8.0,8.0,7.5,8.0,8.0,72.00,=1,72.00,=1,0.15,
,5335D,2.9,8.0,8.0,8.0,8.5,8.5,8.0,8.0,69.60,3,141.60,2,
,107B,3.1,4.5,5.5,5.5,4.0,5.5,4.5,5.0,46.50,18,188.10,=6,25.65,
,305B,3.0,8.0,8.0,8.0,8.5,8.5,8.5,8.0,73.50,2,261.60,2,28.65,
,205B,3.0,8.5,8.5,8.0,8.0,8.5,8.0,8.5,75.00,1,336.60,2,24.15,
3,WARE Pamela,CAN,205B,3.0,7.5,7.5,7.0,7.0,6.5,7.0,7.0,63.00,=7,63.00,=7,9.00,
,107B,3.1,7.0,7.5,7.0,7.0,7.0,7.0,7.0,65.10,=6,128.10,5,13.65,
,405B,3.0,6.5,7.0,7.0,6.5,7.0,6.5,6.5,60.00,=12,188.10,=6,25.65,
,305B,3.0,8.0,8.0,8.0,8.5,7.5,8.0,8.0,72.00,3,260.10,=3,30.15,
,5152B,3.0,7.5,7.0,7.5,8.0,7.0,7.5,7.5,67.50,=6,327.60,3,33.15,
4,LINDBERG Anna,SWE,205B,3.0,6.0,6.0,7.0,6.0,6.0,6.0,6.0,54.00,15,54.00,15,18.00,
,107B,3.1,7.0,7.5,7.5,8.0,7.5,7.5,8.0,69.75,=1,123.75,8,18.00,
,305B,3.0,7.5,7.5,7.5,7.0,7.0,7.0,7.0,64.50,7,188.25,5,25.50,
,405B,3.0,8.0,8.0,7.5,8.0,7.5,7.5,8.0,70.50,=4,258.75,5,31.50,
,5152B,3.0,7.0,7.5,7.5,7.0,7.0,7.5,8.0,66.00,=10,324.75,4,36.00,
5,KRUG Cassidy,USA,405B,3.0,8.0,8.0,7.5,8.0,8.0,7.5,8.5,72.00,=1,72.00,=1,4.65,
,107B,3.1,7.5,7.0,7.0,7.5,7.0,7.0,6.5,65.10,=6,137.10,3,
,205B,3.0,7.5,8.0,8.0,7.5,7.5,7.0,7.5,67.50,=3,204.60,2,9.15,
,305B,3.0,6.0,6.5,6.5,6.0,6.5,6.0,5.5,55.50,14,260.10,=3,30.15,
,5152B,3.0,6.5,7.0,7.0,7.0,6.5,7.0,7.0,63.00,=13,323.10,5,37.65,
6,LOUKAS Christina,USA,405B,3.0,6.5,7.5,7.0,6.5,7.5,7.0,6.5,61.50,9,61.50,9,10.50,
,107B,3.1,7.0,7.5,6.0,6.5,7.0,6.5,6.0,62.00,11,123.50,9,18.25,
,205B,3.0,7.5,7.5,8.0,7.5,7.5,7.5,8.0,67.50,=3,191.00,4,22.75,
,305B,3.0,6.5,7.5,7.0,6.5,7.0,7.0,7.0,63.00,=10,254.00,6,36.25,
,5152B,3.0,7.0,7.0,7.5,7.5,7.5,7.0,7.0,64.50,12,318.50,6,42.25,
7,GALLANTREE,GBR,5152B,3.0,8.0,7.5,7.5,7.5,7.5,7.5,8.0,67.50,4,67.50,4,4.50,
,Rebecca,305B,3.0,6.0,7.0,7.0,7.0,7.0,7.0,7.0,63.00,=8,130.50,4,11.25,
,107B,3.1,7.0,7.5,7.0,6.5,7.5,7.0,7.0,65.10,6,195.60,3,18.15,
,405C,2.7,7.0,7.0,7.0,6.0,7.0,6.5,7.0,56.70,13,252.30,7,37.95,
,205B,3.0,7.0,7.0,7.0,7.0,6.5,6.5,7.0,63.00,=13,315.30,7,45.45,
8,FEDOROVA Olena,UKR,107C,2.8,7.0,7.5,7.0,7.0,7.0,7.5,7.5,60.20,10,60.20,10,11.80,
,205B,3.0,6.0,6.0,5.5,6.5,5.5,5.5,6.5,52.50,16,112.70,14,29.05,
,305B,3.0,7.5,7.0,7.0,7.5,6.5,7.0,7.0,63.00,=8,175.70,12,38.05,
,405B,3.0,8.0,7.5,8.0,7.0,8.0,7.5,7.5,69.00,6,244.70,8,45.55,
,5152B,3.0,7.0,7.0,7.5,7.5,7.5,7.0,7.5,66.00,=10,310.70,8,50.05,
9,CAGNOTTO Tania,ITA,205B,3.0,6.5,6.0,6.5,7.0,6.5,6.5,6.5,58.50,12,58.50,12,13.50,
,5152B,3.0,8.0,7.5,8.0,7.5,7.5,7.5,7.5,67.50,4,126.00,7,15.75,
,107B,3.1,6.5,7.0,7.0,7.5,6.5,6.5,6.5,62.00,10,188.00,8,25.75,
,405B,3.0,5.0,6.0,6.5,5.0,6.5,6.0,6.0,54.00,=15,242.00,10,48.25,
,305B,3.0,7.5,7.5,7.0,7.5,7.0,7.5,7.5,67.50,=6,309.50,9,51.25,
10,SANCHEZ Laura,MEX,405B,3.0,6.5,6.5,7.0,6.0,6.5,7.0,7.0,60.00,11,60.00,11,12.00,
,107C,2.8,7.0,7.5,7.5,7.0,7.5,7.5,7.5,63.00,=8,123.00,10,18.75,
,205B,3.0,6.0,5.5,5.0,6.0,5.0,6.0,6.5,52.50,16,175.50,13,38.25,
,305B,3.0,6.5,7.5,7.0,6.5,7.0,7.0,7.0,63.00,=10,238.50,11,51.75,
,5152B,3.0,7.5,7.0,8.0,7.0,7.5,7.5,7.5,67.50,=6,306.00,10,54.75,
11,CASTILLO Joselyn,VEN,5152B,3.0,7.0,7.0,6.5,7.5,6.0,7.0,7.0,63.00,=7,63.00,=7,9.00,
,107C,2.8,6.5,5.5,6.5,6.5,6.5,6.0,6.5,54.60,15,117.60,11,24.15,
,305C,2.8,7.0,7.0,8.0,7.0,7.5,7.0,7.5,60.20,11,177.80,11,35.95,
,205B,3.0,7.0,7.0,7.5,7.5,7.0,7.5,7.0,64.50,9,242.30,9,47.95,
,405B,3.0,6.5,7.0,7.5,6.5,7.5,7.0,7.0,63.00,=13,305.30,11,55.45,
12,HEYMANS Emilie,CAN,205B,3.0,7.5,7.0,8.0,7.5,7.0,7.0,7.5,66.00,5,66.00,5,6.00,
,107C,2.8,5.0,5.0,5.5,5.0,4.5,4.5,4.0,40.60,17,106.60,17,35.15,
,405C,2.7,6.5,6.5,7.0,6.0,7.5,7.0,6.5,54.00,15,160.60,17,53.15,
,305B,3.0,8.0,7.5,8.0,8.0,7.0,8.0,7.5,70.50,=4,231.10,13,59.15,
,5152B,3.0,8.0,7.5,8.5,8.0,7.5,8.0,7.5,70.50,=2,301.60,12,59.15,
13,STRATTON Sharleen,AUS,205B,3.0,5.5,6.0,5.5,4.0,4.5,4.5,5.0,45.00,17,45.00,17,27.00,
,405B,3.0,7.0,7.0,7.0,7.5,8.0,7.5,7.5,66.00,5,111.00,15,30.75,
,107B,3.1,5.0,5.5,5.5,6.0,5.5,6.0,5.5,51.15,17,162.15,16,51.60,
,305B,3.0,7.5,7.5,7.5,7.5,7.5,7.5,7.0,67.50,7,229.65,14,60.60,
,5152B,3.0,7.5,7.5,7.5,8.5,8.0,8.0,7.5,69.00,4,298.65,13,62.10,
DVW001201_73E 1.0                                                                                                   Report created FRI 24 FEB 2012 11:18                                                                                                            Page 1 of 2,
Demi-finale,
Detailed Results,
R<8e>sultats d<8e>taill<8e>s,
Rank,Name,Ctry Code,Dive No.,DD,Judge's Score,Dive Points,Dive Rank,Total Points,Overall Rank,Points Behind,
,J1,J2,J3,J4,J5,J6,J7,
14,SUBSCHINSKI Nora,GER,405C,2.7,7.0,7.0,7.0,6.5,8.0,7.0,7.5,56.70,13,56.70,13,15.30,
,107B,3.1,6.5,6.0,6.5,5.5,6.0,6.0,6.5,57.35,14,114.05,13,27.70,
,205B,3.0,7.5,7.5,7.5,7.5,7.0,7.5,7.0,67.50,=3,181.55,10,32.20,
,305B,3.0,6.0,5.5,6.0,5.5,5.5,6.0,5.5,51.00,17,232.55,12,57.70,
,5152B,3.0,7.0,7.0,6.5,7.0,7.0,7.0,7.5,63.00,=13,295.55,14,65.20,
15,HERNANDEZ Dolores,MEX,405B,3.0,6.0,6.0,7.0,6.0,6.5,6.0,6.5,55.50,14,55.50,14,16.50,
,107C,2.8,7.0,6.5,7.0,7.0,6.5,7.0,7.5,58.80,=12,114.30,12,27.45,
,305B,3.0,7.0,6.5,6.5,6.5,6.5,7.0,6.0,58.50,14,172.80,14,40.95,
,205B,3.0,6.5,6.0,6.0,6.0,5.5,6.0,5.5,54.00,=15,226.80,16,63.45,
,5152B,3.0,7.0,7.5,7.5,8.0,7.5,7.0,8.0,67.50,=6,294.30,15,66.45,
16,SMITH Anabelle,AUS,205B,3.0,5.5,4.5,5.5,5.0,4.5,5.5,5.5,48.00,16,48.00,16,24.00,
,107C,2.8,7.0,7.0,7.5,6.5,7.0,7.0,7.0,58.80,=12,106.80,16,34.95,
,405B,3.0,7.0,7.0,7.0,6.0,7.0,7.0,6.5,63.00,=8,169.80,15,43.95,
,305B,3.0,6.0,6.5,6.5,6.5,6.5,6.5,6.0,58.50,12,228.30,15,61.95,
,5152B,3.0,6.5,6.0,6.5,6.5,6.5,6.0,6.0,57.00,17,285.30,16,75.45,
17,KESAR Victoriya,UKR,405B,3.0,7.0,7.5,7.5,6.5,7.0,7.0,7.5,64.50,6,64.50,6,7.50,
,5152B,3.0,7.0,6.5,7.5,7.0,6.5,7.0,7.5,63.00,=8,127.50,6,14.25,
,205B,3.0,7.0,7.0,6.5,6.5,6.5,6.5,7.0,60.00,=12,187.50,9,26.25,
,305B,3.0,3.5,3.0,3.0,2.5,4.0,3.0,3.0,27.00,18,214.50,17,75.75,
,107B,3.1,7.5,7.0,8.0,7.5,7.5,7.0,7.0,68.20,5,282.70,17,78.05,
18,CHEONG Jun Hoong,MAS,405B,3.0,4.0,4.5,5.0,3.5,4.5,4.0,5.5,39.00,18,39.00,18,33.00,
,107C,2.8,3.0,2.5,3.0,2.0,3.5,3.5,2.5,23.80,18,62.80,18,78.95,
,305B,3.0,8.0,8.5,8.0,8.0,8.0,8.0,8.0,72.00,=1,134.80,18,78.95,
,205B,3.0,7.0,8.0,7.5,7.0,7.0,7.5,7.5,66.00,8,200.80,18,89.45,
,5335D,2.9,5.5,6.0,6.5,5.5,7.0,6.5,6.5,55.10,18,255.90,18,104.85,
Note:
For more detail on the judges see Panel of Judges for this session.,
Legend:,
=
No.,Indicates the same rank by points Number,DD
No.,Degree of difficulty Number,Jn,Judge number n,
DVW001201_73E 1.0                                                                                                   Report created FRI 24 FEB 2012 11:18                                                                                                            Page 2 of 2,
Finale,
Detailed Results,
R<8e>sultats d<8e>taill<8e>s,
Rank,Name,Ctry Code,Dive No.,DD,Judge's Score,Dive Points,Dive Rank,Total Points,Overall Rank,Points Behind,
,J1,J2,J3,J4,J5,J6,J7,
1,WU Minxia,CHN,405B,3.0,8.0,8.5,7.5,8.0,8.5,8.5,8.5,75.00,2,75.00,2,1.50,
,5335D,2.9,8.0,8.5,8.5,8.0,8.5,9.0,8.5,73.95,2,148.95,1,
,107B,3.1,8.5,8.0,8.5,8.5,9.0,8.0,8.0,77.50,2,226.45,1,
,305B,3.0,8.0,9.0,8.5,9.0,9.0,9.0,8.5,79.50,1,305.95,1,
,205B,3.0,7.0,7.5,6.5,7.5,6.5,8.0,6.5,63.00,=9,368.95,1,
2,HE Zi,CHN,405B,3.0,8.0,7.5,7.5,7.5,8.0,8.0,8.5,70.50,4,70.50,4,6.00,
,107B,3.1,8.0,8.0,8.0,8.0,8.5,8.0,8.5,74.40,1,144.90,3,4.05,
,205B,3.0,9.0,9.0,8.5,8.0,8.5,8.5,9.0,78.00,1,222.90,2,3.55,
,305B,3.0,8.0,8.5,8.0,8.5,8.0,8.5,8.5,75.00,2,297.90,2,8.05,
,5152B,3.0,7.5,7.5,7.0,7.5,7.5,8.5,7.5,67.50,=4,365.40,2,3.55,
3,CAGNOTTO Tania,ITA,205B,3.0,8.5,8.5,8.5,8.5,8.5,7.5,8.5,76.50,1,76.50,1,0.45,
,5152B,3.0,8.0,8.0,8.0,8.0,8.0,7.5,8.0,72.00,3,148.50,2,
,107B,3.1,8.5,7.5,8.0,7.0,7.5,7.5,7.5,69.75,4,218.25,3,8.20,
,405B,3.0,8.0,8.0,7.5,7.5,7.5,8.0,7.5,69.00,=5,287.25,3,18.70,
,305B,3.0,7.0,6.5,7.0,6.5,6.0,6.5,6.5,58.50,11,345.75,3,23.20,
4,WARE Pamela,CAN,205B,3.0,7.5,8.0,7.5,7.5,7.5,7.0,8.0,67.50,=5,67.50,=5,9.00,
,107B,3.1,8.0,8.0,6.5,7.5,7.0,7.5,8.0,71.30,4,138.80,4,10.15,
,405B,3.0,7.5,8.0,7.5,7.0,7.5,8.0,7.0,67.50,=6,206.30,4,20.15,
,305B,3.0,7.0,8.0,7.0,7.0,7.0,7.5,7.0,63.00,10,269.30,4,36.65,
,5152B,3.0,7.5,8.0,7.5,8.0,8.0,8.5,8.0,72.00,=1,341.30,4,27.65,
5,LINDBERG Anna,SWE,205B,3.0,7.0,6.5,6.5,6.0,6.5,6.0,7.0,58.50,10,58.50,10,18.00,
,107B,3.1,7.5,7.5,7.0,7.5,7.5,7.0,7.5,69.75,5,128.25,8,20.70,
,305B,3.0,8.0,7.5,8.5,8.0,8.0,8.0,8.0,72.00,3,200.25,5,26.20,
,405B,3.0,8.0,8.0,8.0,7.0,7.5,7.5,7.5,69.00,=5,269.25,5,36.70,
,5152B,3.0,8.0,8.0,8.5,7.5,8.0,8.5,7.5,72.00,=1,341.25,5,27.70,
6,SANCHEZ Laura,MEX,405B,3.0,7.5,7.0,7.5,7.0,7.0,7.0,7.0,63.00,8,63.00,8,13.50,
,205B,3.0,7.5,7.5,6.5,7.0,7.0,6.5,7.5,64.50,10,127.50,9,21.45,
,305B,3.0,7.5,8.0,8.0,7.5,7.0,8.0,7.5,69.00,5,196.50,7,29.95,
,107B,3.1,7.0,6.5,7.0,7.0,7.0,6.0,7.5,65.10,8,261.60,7,44.35,
,5152B,3.0,7.5,7.0,7.5,7.5,7.5,7.5,7.0,67.50,=4,329.10,6,39.85,
7,LOUKAS Christina,USA,405B,3.0,6.5,6.5,6.0,6.5,5.5,6.5,6.0,57.00,11,57.00,11,19.50,
,107B,3.1,7.0,7.5,7.0,7.0,7.5,7.5,7.0,66.65,7,123.65,10,25.30,
,205B,3.0,7.5,8.0,7.5,7.5,7.0,7.5,7.5,67.50,=6,191.15,9,35.30,
,305B,3.0,8.0,9.0,7.5,8.0,7.5,8.0,7.5,70.50,4,261.65,6,44.30,
,5152B,3.0,7.5,8.0,7.0,7.0,7.0,7.5,8.0,66.00,=7,327.65,7,41.30,
8,KRUG Cassidy,USA,405B,3.0,9.0,8.0,8.0,8.0,8.5,8.0,8.5,73.50,3,73.50,3,3.00,
,107B,3.1,7.0,7.0,7.0,7.0,7.0,7.0,7.0,65.10,9,138.60,5,10.35,
,205B,3.0,7.0,7.0,6.5,7.0,6.5,6.5,7.0,61.50,9,200.10,6,26.35,
,305B,3.0,6.5,5.5,7.0,7.5,6.5,8.0,6.5,60.00,11,260.10,8,45.85,
,5152B,3.0,7.5,7.0,7.5,7.0,7.5,8.0,7.0,66.00,=7,326.10,8,42.85,
9,GALLANTREE,GBR,5152B,3.0,7.5,7.0,7.5,7.5,7.5,7.0,7.5,67.50,=5,67.50,=5,9.00,
,Rebecca,305B,3.0,7.5,7.5,8.0,7.5,7.5,8.0,7.5,67.50,6,135.00,6,13.95,
,107B,3.1,7.0,6.5,6.5,6.5,6.5,6.5,7.5,60.45,10,195.45,8,31.00,
,405C,2.7,7.5,8.0,8.0,7.5,8.0,8.5,7.5,63.45,9,258.90,9,47.05,
,205B,3.0,6.0,5.0,6.5,6.5,5.5,6.5,6.5,57.00,12,315.90,9,53.05,
10,HEYMANS Emilie,CAN,205B,3.0,7.5,7.5,7.5,7.5,7.0,7.0,7.0,66.00,7,66.00,7,10.50,
,107C,2.8,8.0,8.0,7.5,7.5,7.5,7.5,7.5,63.00,11,129.00,7,19.95,
,405C,2.7,4.5,5.5,5.0,6.0,4.5,6.0,5.0,41.85,12,170.85,12,55.60,
,305B,3.0,8.5,8.5,8.5,8.0,8.0,8.0,8.0,73.50,3,244.35,10,61.60,
,5152B,3.0,7.0,7.0,7.0,7.5,6.5,7.0,7.0,63.00,=9,307.35,10,61.60,
11,FEDOROVA Olena,UKR,107C,2.8,5.5,6.5,6.0,6.5,6.0,6.5,6.0,51.80,12,51.80,12,24.70,
,205B,3.0,7.5,7.5,7.0,7.0,7.5,7.5,7.0,66.00,8,117.80,11,31.15,
,305B,3.0,6.0,6.0,6.0,5.5,6.5,6.0,6.5,54.00,11,171.80,11,54.65,
,405B,3.0,8.0,7.5,7.0,7.0,7.5,7.5,7.0,66.00,7,237.80,11,68.15,
,5152B,3.0,8.0,8.0,7.0,7.5,7.5,7.5,7.5,67.50,=4,305.30,11,63.65,
12,CASTILLO Joselyn,VEN,5152B,3.0,7.0,7.0,6.5,7.0,7.0,6.5,6.5,61.50,9,61.50,9,15.00,
,107C,2.8,5.5,6.0,6.0,7.0,6.0,6.0,6.5,50.40,12,111.90,12,37.05,
,305C,2.8,7.0,7.5,8.0,7.5,7.5,7.5,7.5,63.00,8,174.90,10,51.55,
,205B,3.0,4.5,5.0,4.5,5.5,4.5,5.0,5.0,43.50,12,218.40,12,87.55,
,405B,3.0,7.5,8.0,8.0,7.5,8.0,8.0,7.5,70.50,3,288.90,12,80.05,
DVW001101_73E 1.0                                                                                                   Report created FRI 24 FEB 2012 20:26                                                                                                            Page 1 of 2,
Tremplin 3 m - femmes,
Results Summary,
Synth<8f>se des r<8e>sultats,
Rank,Name,Ctry Code,Preliminaries,Semifinals,Finals,
,Points,Rank,Points,Rank,Points,
1,WU Minxia,CHN,376.55,1,336.60,2,368.95,
2,HE Zi,CHN,365.25,2,360.75,1,365.40,
3,CAGNOTTO Tania,ITA,344.25,3,309.50,9,345.75,
4,WARE Pamela,CAN,313.95,12,327.60,3,341.30,
5,LINDBERG Anna,SWE,316.90,11,324.75,4,341.25,
6,SANCHEZ Laura,MEX,300.30,18,306.00,10,329.10,
7,LOUKAS Christina,USA,335.20,5,318.50,6,327.65,
8,KRUG Cassidy,USA,318.65,8,323.10,5,326.10,
9,GALLANTREE Rebecca,GBR,317.85,9,315.30,7,315.90,
10,HEYMANS Emilie,CAN,317.25,10,301.60,12,307.35,
11,FEDOROVA Olena,UKR,310.50,13,310.70,8,305.30,
12,CASTILLO Joselyn,VEN,300.60,17,305.30,11,288.90,
13,STRATTON Sharleen,AUS,338.35,4,298.65,13,
14,SUBSCHINSKI Nora,GER,324.45,6,295.55,14,
15,HERNANDEZ Dolores,MEX,306.30,16,294.30,15,
16,SMITH Anabelle,AUS,309.20,14,285.30,16,
17,KESAR Victoriya,UKR,308.05,15,282.70,17,
18,CHEONG Jun Hoong,MAS,324.30,7,255.90,18,
19,STARLING Hannah,GBR,293.95,19,
20,PHILIPPOVA Svetlana,RUS,285.50,20,
21,DALLAPE Francesca,ITA,281.00,21,
22,SOMLOI Sophie,AUT,280.55,22,
23,BAZHINA Nadezda,RUS,279.90,23,
24,DIECKOW Katja,GER,274.70,24,
25,FARISSIER Marion,FRA,264.45,25,
26,MABUCHI Yuka,JPN,263.20,26,
27,KRATOCHWIL Veronika,AUT,260.85,27,
28,GONDOS Flora Piroska,HUN,259.60,28,
29,BARTA Nora,HUN,254.90,29,
30,CHAN Sharon,HKG,252.25,30,
31,JANSEN Inge,NED,251.35,31,
32,SHIBUSAWA Sayaka,JPN,250.55,32,
33,EIZAGUIRRE Leyre,ESP,249.80,33,
34,IVEZIC Marija,SRB,248.20,34,
35,BENITEZ Jennifer,ESP,244.90,35,
36,BOUVET Fanny,FRA,244.70,36,
37,KARVONEN Taina,FIN,238.05,37,
38,KIM Suji,KOR,232.50,38,
39,VELOSO Juliana,BRA,229.70,39,
40,JIMENEZ Luisa M.,PUR,226.40,40,
41,YAN YEE Ng,MAS,223.15,41,
42,MOSKALENKO Olessya,KAZ,222.00,42,
43,MARIC Marcela,CRO,212.85,43,
44,KHMEL Lyudmila,KAZ,210.60,44,
45,CHO Eunbi,KOR,209.20,45,
46,SOTOMAYOR Paula,CHI,208.30,46,
47,CHLANDA Magdalena,POL,191.45,47,
DVW001000_74 1.0                                                                                                     Report created FRI 24 FEB 2012 20:26                                                                                                            Page 1 of 1,
Eliminatoires,
Detailed Results,
R<8e>sultats d<8e>taill<8e>s,
Rank,Ctry Code,Name,Dive No.,DD,Judge's Score,Dive Points,Dive Rank,Total Points,Ovl Rk,Points Behind,
,E1,E2,E3,E4,E5,E6,S1,S2,S3,S4,S5,
1,CHN,HE Zi,101B,2.0,9.0,9.0,9.0,9.0,8.5,8.5,9.5,9.5,9.5,9.0,9.5,55.20,1,55.20,1,
,WU Minxia,5331D,2.0,8.5,8.5,8.5,8.5,8.5,8.5,8.5,8.5,9.5,9.0,9.0,52.20,1,107.40,1,
,405B,3.0,8.0,9.0,8.5,7.0,7.5,7.5,8.5,8.0,7.5,7.5,8.0,71.10,1,178.50,1,
,305B,3.0,9.0,8.0,9.0,8.5,8.5,9.0,8.5,8.5,9.5,9.0,9.5,80.10,1,258.60,1,
,205B,3.0,8.5,8.5,8.5,8.0,8.0,8.5,8.5,9.0,8.5,8.0,8.0,74.70,1,333.30,1,
2,GER,DIECKOW Katja,401B,2.0,7.5,8.5,8.0,8.0,8.0,8.5,8.0,8.0,8.5,8.5,8.0,48.60,=7,48.60,=7,6.60,
,SUBSCHINSKI Nora,101B,2.0,8.0,8.5,8.0,8.0,8.5,7.5,8.5,8.5,9.0,9.0,9.0,51.00,3,99.60,4,7.80,
,5152B,3.0,7.0,7.0,7.0,7.0,7.5,8.0,8.5,7.5,8.0,8.5,8.0,70.20,2,169.80,3,8.70,
,205B,3.0,7.0,7.0,7.0,7.0,7.5,7.5,8.0,8.0,8.0,8.0,8.0,69.30,3,239.10,2,19.50,
,305B,3.0,6.5,7.0,7.5,7.0,6.5,7.0,8.0,8.0,7.5,8.0,7.0,67.50,6,306.60,2,26.70,
3,UKR,FEDOROVA Olena,401B,2.0,8.0,8.0,8.5,8.5,8.5,8.0,9.0,9.0,9.0,9.0,9.0,52.20,2,52.20,2,3.00,
,PYSMENSKA Anna,103B,2.0,8.0,8.0,8.5,8.0,8.5,8.5,8.5,9.0,9.0,9.0,8.0,51.60,2,103.80,2,3.60,
,205B,3.0,7.5,6.5,7.5,7.0,5.5,6.5,8.0,7.5,8.5,7.5,7.5,66.60,4,170.40,2,8.10,
,5152B,3.0,7.0,7.5,7.0,6.5,8.5,8.0,7.5,8.0,7.5,8.0,7.5,68.40,=4,238.80,3,19.80,
,305B,3.0,7.5,6.5,7.5,6.5,6.5,7.0,7.0,7.0,7.5,7.5,8.0,64.80,=8,303.60,3,29.70,
4,CAN,ABEL Jennifer,401B,2.0,8.0,8.5,8.0,9.0,8.5,8.0,8.5,8.5,8.0,8.0,8.0,49.20,=5,49.20,=5,6.00,
,HEYMANS Emilie,101B,2.0,8.0,8.0,8.0,8.0,8.0,8.5,8.0,8.5,8.0,8.5,8.5,49.20,=5,98.40,=5,9.00,
,205B,3.0,7.5,7.5,7.5,6.5,7.5,6.5,8.0,8.0,8.5,8.5,8.0,69.30,3,167.70,4,10.80,
,305B,3.0,6.0,7.0,6.0,7.5,7.5,7.5,7.0,7.0,8.0,7.5,8.0,64.80,=11,232.50,5,26.10,
,5152B,3.0,7.0,7.5,7.0,8.0,8.5,8.5,8.0,7.5,8.0,7.0,8.0,70.20,4,302.70,4,30.60,
5,USA,BRYANT Kelci,101B,2.0,8.0,8.5,9.0,8.5,8.0,8.5,8.5,8.5,8.5,9.0,9.0,51.60,3,51.60,3,3.60,
,JOHNSTON Abby,301B,2.0,8.5,8.5,8.5,7.0,8.0,7.0,9.0,8.5,8.5,8.5,8.5,49.20,=5,100.80,3,6.60,
,5152B,3.0,7.0,6.0,6.5,7.5,7.5,8.0,7.5,7.0,8.0,7.5,7.5,65.70,=5,166.50,5,12.00,
,405B,3.0,7.0,7.5,7.0,7.0,8.0,7.0,7.5,8.0,8.0,8.5,8.0,68.40,=4,234.90,4,23.70,
,205B,3.0,6.0,7.0,6.0,7.5,7.0,6.5,7.5,7.5,7.0,8.0,7.5,63.90,10,298.80,5,34.50,
6,ITA,CAGNOTTO Tania,101B,2.0,8.5,8.5,8.5,8.0,8.5,9.0,8.0,8.0,8.0,7.5,7.5,48.60,=7,48.60,=7,6.60,
,DALLAPE Francesca,301B,2.0,8.0,8.5,8.0,8.0,8.0,8.0,8.5,8.0,8.5,8.5,8.5,49.80,4,98.40,=5,9.00,
,205B,3.0,5.0,6.0,5.0,5.5,6.0,6.0,7.0,5.5,7.5,7.5,7.0,58.50,9,156.90,8,21.60,
,5152B,3.0,7.0,7.0,7.0,7.0,8.0,8.0,7.0,8.0,7.5,8.0,7.5,68.40,=4,225.30,8,33.30,
,405B,3.0,7.5,7.5,7.5,8.0,7.5,7.5,8.0,8.5,8.5,8.0,8.0,71.10,3,296.40,6,36.90,
7,AUS,SMITH Anabelle,101B,2.0,8.5,8.5,8.5,8.0,8.0,7.5,8.5,8.5,8.5,8.0,8.0,49.80,4,49.80,4,5.40,
,STRATTON Sharleen,301B,2.0,8.0,8.0,8.5,7.5,7.5,7.5,7.5,7.5,7.0,8.0,7.5,45.60,12,95.40,=9,12.00,
,205B,3.0,6.5,6.5,7.0,7.0,5.5,7.0,8.0,7.5,8.0,7.5,7.5,65.70,=5,161.10,6,17.40,
,405B,3.0,6.5,8.0,6.5,5.5,7.0,6.5,8.0,8.0,7.5,7.5,7.5,64.80,=11,225.90,6,32.70,
,5152B,3.0,7.5,7.0,7.5,7.5,8.0,8.0,7.5,7.5,8.0,7.5,7.5,68.40,5,294.30,7,39.00,
8,MEX,ESPINOSA Paola,101B,2.0,7.5,7.5,7.5,8.5,8.5,8.0,7.5,7.5,8.5,7.5,9.0,47.40,=10,47.40,=10,7.80,
,SANCHEZ Laura,301B,2.0,7.5,8.0,8.0,7.5,7.5,7.5,8.0,7.5,8.0,8.0,7.5,46.80,=9,94.20,11,13.20,
,205B,3.0,6.5,6.5,7.0,6.0,6.0,6.0,7.0,6.5,7.0,7.0,6.0,59.40,8,153.60,9,24.90,
,405B,3.0,7.5,8.0,7.5,7.0,7.0,8.0,8.5,8.5,8.5,8.5,8.5,72.00,2,225.60,7,33.00,
,5152B,3.0,7.5,7.5,8.0,7.5,7.5,7.5,7.5,7.0,7.0,7.5,7.0,65.70,7,291.30,8,42.00,
9,MAS,CHEONG Jun Hoong,101B,2.0,8.0,8.0,8.5,8.0,7.5,8.0,8.0,8.0,7.5,8.0,8.0,48.00,9,48.00,9,7.20,
,PAMG Pandelela,5231D,2.0,7.5,8.5,8.0,8.0,7.5,8.0,8.0,8.0,8.0,8.0,7.5,48.00,8,96.00,8,11.40,
,Rinong,305B,3.0,6.0,6.0,5.5,4.5,4.5,4.5,5.5,6.0,4.5,5.5,5.0,47.70,12,143.70,12,34.80,
,205B,3.0,6.5,7.5,7.5,7.0,6.5,7.0,8.0,7.5,7.5,8.0,7.5,67.50,8,211.20,12,47.40,
,405B,3.0,7.0,8.0,7.0,8.0,8.5,8.0,8.5,8.5,7.5,8.5,8.5,72.90,2,284.10,9,49.20,
10,JPN,NAKAGAWA Mai,401B,2.0,7.5,8.0,8.0,8.0,7.5,7.5,8.0,8.0,7.5,7.5,8.0,46.80,13,46.80,13,8.40,
,SHIBUSAWA Sayaka,101B,2.0,8.0,8.5,7.0,8.0,8.5,8.0,8.0,7.5,7.5,8.0,7.5,46.80,=9,93.60,12,13.80,
,305B,3.0,6.5,6.0,7.0,6.0,7.5,6.5,7.5,7.5,7.5,8.0,7.5,63.90,7,157.50,7,21.00,
,5152B,3.0,6.5,7.5,6.5,7.5,7.5,7.0,7.5,7.0,7.5,8.0,7.5,65.70,10,223.20,9,35.40,
,205B,3.0,6.0,6.0,7.0,7.5,7.0,7.0,7.0,7.0,5.5,7.0,6.5,60.30,11,283.50,10,49.80,
11,GBR,BLAGG Alicia,401B,2.0,8.0,8.0,8.0,8.0,8.5,8.0,8.0,8.5,8.0,8.5,8.5,49.20,=5,49.20,=5,6.00,
,GALLANTREE,101B,2.0,7.5,8.0,8.0,7.5,7.5,8.0,8.0,8.0,7.5,7.5,7.5,46.20,11,95.40,=9,12.00,
,Rebecca,205B,3.0,6.5,6.0,7.0,5.5,3.5,4.0,7.0,5.5,6.5,6.0,7.0,54.00,10,149.40,11,29.10,
,305B,3.0,7.0,7.0,7.5,7.0,8.0,8.0,7.5,7.0,7.5,8.0,8.0,68.40,=4,217.80,10,40.80,
,5152B,3.0,7.5,7.5,7.5,7.5,6.5,6.5,7.0,7.5,6.0,7.5,8.0,64.80,=8,282.60,11,50.70,
12,RUS,BAZHINA Nadezda,101B,2.0,7.5,7.5,8.0,8.0,8.0,8.0,8.0,8.0,8.0,8.0,8.0,47.40,=10,47.40,=10,7.80,
,POLYAKOVA Maria,401B,2.0,8.5,8.5,8.0,8.0,8.5,8.5,8.0,8.0,8.0,8.0,8.0,49.20,=5,96.60,7,10.80,
,205B,3.0,6.0,7.0,5.5,4.5,4.0,5.5,6.5,6.5,5.5,7.0,6.0,53.10,11,149.70,10,28.80,
,305B,3.0,7.0,7.5,7.5,7.5,8.0,8.0,7.0,8.0,7.0,7.5,7.0,66.60,9,216.30,11,42.30,
,5335D,2.9,5.0,6.5,5.5,7.0,7.0,7.0,6.5,7.0,7.0,6.5,6.5,56.55,12,272.85,12,60.45,
DVW201901_73F 1.0                                                                                                  Report created SAT 25 FEB 2012 15:00                                                                                                            Page 1 of 2,
Eliminatoires,
Detailed Results,
R<8e>sultats d<8e>taill<8e>s,
Rank,Ctry Code,Name,Dive No.,DD,Judge's Score,Dive Points,Dive Rank,Total Points,Ovl Rk,Points Behind,
,E1,E2,E3,E4,E5,E6,S1,S2,S3,S4,S5,
13,FIN,KARVONEN Taina,201B,2.0,7.0,7.0,6.5,7.5,6.5,6.5,7.0,7.0,6.5,7.0,7.0,41.40,15,41.40,15,13.80,
,LAATUNEN Iira,301B,2.0,7.0,7.5,7.0,7.0,7.5,7.0,7.5,7.5,7.5,7.0,7.0,43.20,=13,84.60,15,22.80,
,105B,2.4,5.0,6.5,6.0,6.5,7.0,7.0,4.5,4.5,5.0,5.0,5.0,39.60,14,124.20,14,54.30,
,405C,2.7,6.5,6.5,6.0,7.0,7.0,7.0,7.0,7.5,7.5,7.5,7.5,58.32,13,182.52,14,76.08,
,5233D,2.4,6.5,7.0,6.5,7.5,6.5,7.5,6.5,7.0,7.5,7.0,7.0,50.40,14,232.92,13,100.38,
14,KOR,CHO Eunbi,101B,2.0,7.5,8.0,7.5,7.5,7.5,7.5,8.0,9.0,7.5,8.0,8.5,47.40,=10,47.40,=10,7.80,
,KIM Suji,301B,2.0,6.5,7.5,7.0,7.0,8.0,6.5,7.5,7.5,7.5,7.0,7.0,43.20,=13,90.60,13,16.80,
,405C,2.7,3.5,3.0,3.0,5.5,5.5,6.0,5.0,5.5,6.0,4.5,6.0,40.50,13,131.10,13,47.40,
,205C,2.8,7.0,7.5,7.5,4.5,4.5,5.0,6.5,7.0,6.0,6.5,7.5,53.76,14,184.86,13,73.74,
,5152B,3.0,3.0,4.0,3.5,4.0,4.5,2.5,4.5,5.0,3.5,4.5,4.0,36.90,15,221.76,14,111.54,
15,KAZ,CHERVINSKAYA,101B,2.0,6.5,7.0,6.5,7.0,6.5,8.0,7.0,8.0,7.0,7.5,8.0,43.20,14,43.20,14,12.00,
,Lyubov,301C,2.0,6.5,7.5,7.0,7.0,7.0,6.5,7.0,7.0,8.0,8.5,7.0,43.20,=13,86.40,14,21.00,
,KHMEL Lyudmila,205C,2.8,2.5,3.0,2.5,5.5,4.5,4.0,4.0,4.0,4.0,5.0,5.0,33.60,15,120.00,15,58.50,
,405C,2.7,5.5,6.5,6.0,6.5,6.5,6.5,5.5,6.0,4.5,6.0,7.0,48.60,15,168.60,15,90.00,
,5233D,2.4,6.5,6.5,6.5,6.5,6.5,7.0,7.5,7.5,7.5,8.0,7.5,51.12,13,219.72,15,113.58,
Legend:,
=,Indicates the same rank by points,DD,Degree of difficulty,En,Execution judge number for reach diver,
No.,Number,Ovl Rk,Overall rank,Sn,Synchronisation judge number,
DVW201901_73F 1.0                                                                                                  Report created SAT 25 FEB 2012 15:00                                                                                                            Page 2 of 2,
Finale,
Detailed Results,
R<8e>sultats d<8e>taill<8e>s,
Rank,Ctry Code,Name,Dive No.,DD,Judge's Score,Dive Points,Dive Rank,Total Points,Ovl Rk,Points Behind,
,E1,E2,E3,E4,E5,E6,S1,S2,S3,S4,S5,
1,CHN,HE Zi,101B,2.0,9.0,10,9.0,8.5,9.0,9.0,9.0,9.0,9.5,9.0,9.5,54.60,1,54.60,1,
,WU Minxia,5331D,2.0,9.0,8.5,8.5,8.5,9.0,9.0,8.5,8.5,8.5,9.0,9.0,52.20,=2,106.80,=1,
,405B,3.0,9.0,8.5,8.5,8.5,8.5,9.5,9.0,9.0,9.0,9.0,9.0,79.20,1,186.00,1,
,305B,3.0,8.0,7.5,8.0,8.5,8.5,9.0,8.0,9.0,9.5,9.0,9.0,78.30,1,264.30,1,
,205B,3.0,8.5,8.5,8.5,9.0,8.0,9.0,9.0,9.5,9.0,9.0,9.5,81.00,1,345.30,1,
2,CAN,ABEL Jennifer,401B,2.0,8.5,8.0,8.5,8.5,9.0,8.5,9.5,9.5,9.0,8.5,9.0,53.40,=2,53.40,=2,1.20,
,HEYMANS Emilie,101B,2.0,8.5,9.5,8.5,8.5,9.0,9.0,9.0,8.5,9.0,9.0,9.0,53.40,1,106.80,=1,
,205B,3.0,6.5,7.0,6.5,7.5,8.0,7.5,8.0,8.0,8.0,8.5,8.0,68.40,5,175.20,3,10.80,
,305B,3.0,8.0,7.5,8.0,8.0,9.0,8.5,8.0,8.0,8.5,8.5,8.0,73.80,=2,249.00,2,15.30,
,5152B,3.0,8.0,7.0,8.0,8.5,8.5,8.5,8.0,8.0,8.0,8.5,8.0,72.90,3,321.90,2,23.40,
3,ITA,CAGNOTTO Tania,101B,2.0,8.5,9.0,8.5,9.0,9.0,8.5,9.0,8.5,9.0,8.5,9.0,52.80,=4,52.80,=4,1.80,
,DALLAPE Francesca,301B,2.0,9.0,9.0,8.5,8.5,8.0,8.0,8.5,8.5,9.0,9.0,9.0,52.20,=2,105.00,=3,1.80,
,205B,3.0,7.0,5.5,6.5,7.0,7.0,7.0,7.0,7.0,8.5,8.0,8.5,66.60,=6,171.60,4,14.40,
,5152B,3.0,7.5,8.0,7.5,8.0,9.0,8.0,7.5,7.5,8.0,7.5,8.0,69.30,5,240.90,5,23.40,
,405B,3.0,8.5,8.5,8.0,7.5,8.0,8.0,8.0,8.5,9.0,8.5,9.0,76.50,2,317.40,3,27.90,
4,USA,BRYANT Kelci,101B,2.0,8.0,8.0,9.0,9.0,8.5,8.5,9.5,9.5,9.0,8.5,9.5,53.40,=2,53.40,=2,1.20,
,JOHNSTON Abby,301B,2.0,8.0,8.0,8.5,8.0,8.0,8.0,8.5,9.0,8.5,9.0,9.0,51.00,5,104.40,5,2.40,
,5152B,3.0,6.0,6.5,5.5,7.0,7.0,7.0,8.0,7.5,7.5,8.0,8.0,65.70,9,170.10,5,15.90,
,405B,3.0,7.5,7.0,7.5,7.0,7.5,8.5,8.5,8.5,9.0,8.5,9.0,73.80,=2,243.90,3,20.40,
,205B,3.0,7.0,7.5,6.5,7.5,8.0,7.5,8.0,8.0,8.5,8.5,8.5,71.10,=4,315.00,4,30.30,
5,UKR,FEDOROVA Olena,401B,2.0,8.0,8.0,9.0,9.0,8.5,9.0,9.0,9.0,9.0,9.0,9.0,52.80,=4,52.80,=4,1.80,
,PYSMENSKA Anna,103B,2.0,8.0,7.5,8.0,8.0,8.5,8.5,9.0,9.0,9.0,9.0,9.0,52.20,=2,105.00,=3,1.80,
,205B,3.0,8.0,7.5,7.5,7.0,7.0,7.0,8.5,8.5,8.5,8.5,8.5,72.00,=2,177.00,2,9.00,
,5152B,3.0,7.5,6.0,7.0,8.0,8.0,8.0,7.0,7.5,8.0,7.0,7.5,66.60,6,243.60,4,20.70,
,305B,3.0,7.5,7.0,7.5,7.0,7.5,7.0,8.5,8.5,8.5,8.0,8.0,71.10,=4,314.70,5,30.60,
6,MAS,CHEONG Jun Hoong,101B,2.0,8.5,8.5,8.5,8.0,8.5,9.0,8.5,9.0,8.5,8.5,8.5,51.00,7,51.00,7,3.60,
,PAMG Pandelela,5231D,2.0,8.0,8.0,7.5,7.5,8.0,7.5,8.5,7.5,7.5,8.0,8.5,47.40,11,98.40,=9,8.40,
,Rinong,305B,3.0,8.0,7.5,8.0,7.0,6.5,6.0,7.5,7.5,7.0,7.5,8.0,66.60,=6,165.00,9,21.00,
,205B,3.0,8.0,7.5,8.5,7.0,7.5,7.0,7.0,7.0,7.5,8.0,7.0,65.70,7,230.70,=9,33.60,
,405B,3.0,7.0,6.5,7.5,7.0,8.0,8.0,8.5,8.0,8.0,8.0,8.0,70.20,=6,300.90,6,44.40,
7,MEX,ESPINOSA Paola,101B,2.0,8.5,8.0,8.5,8.0,8.5,9.0,9.0,8.5,9.5,8.5,9.0,52.20,6,52.20,6,2.40,
,SANCHEZ Laura,301B,2.0,8.0,8.0,8.5,7.5,8.0,7.5,8.5,8.5,8.0,8.5,8.0,48.60,=9,100.80,6,6.00,
,205B,3.0,7.0,7.0,6.5,7.0,7.5,6.5,7.0,7.5,7.5,8.0,8.0,66.60,=6,167.40,8,18.60,
,5152B,3.0,7.0,6.5,6.5,7.5,7.5,7.0,7.5,7.5,7.0,8.0,7.0,64.80,=8,232.20,8,32.10,
,405B,3.0,6.5,6.5,6.0,8.0,8.0,7.5,7.0,7.5,8.5,8.0,8.0,68.40,9,300.60,7,44.70,
8,AUS,SMITH Anabelle,101B,2.0,7.5,9.0,8.5,7.5,8.0,8.0,8.0,8.0,8.5,8.0,8.0,48.60,10,48.60,10,6.00,
,STRATTON Sharleen,301B,2.0,8.5,9.0,8.5,8.0,7.5,7.5,8.5,8.5,8.5,8.5,8.5,49.80,7,98.40,=9,8.40,
,205B,3.0,6.0,6.5,6.0,6.0,6.5,6.0,7.0,7.5,8.0,7.5,7.5,62.10,12,160.50,11,25.50,
,405B,3.0,7.5,7.0,7.0,7.5,8.0,7.5,8.0,8.0,8.5,8.0,8.5,70.20,4,230.70,=9,33.60,
,5152B,3.0,6.5,7.5,7.0,6.5,7.0,6.5,8.0,8.0,8.0,7.5,8.0,67.50,10,298.20,8,47.10,
9,GER,DIECKOW Katja,401B,2.0,8.5,8.0,7.5,8.0,8.0,8.0,8.5,8.5,8.5,8.5,9.0,49.80,9,49.80,9,4.80,
,SUBSCHINSKI Nora,101B,2.0,8.0,8.0,8.0,8.0,8.0,8.5,9.0,8.5,8.5,8.5,9.0,50.40,6,100.20,7,6.60,
,5152B,3.0,8.0,7.0,8.0,7.5,8.0,7.5,8.0,7.5,7.5,8.0,7.5,69.30,4,169.50,6,16.50,
,205B,3.0,6.0,5.5,5.5,7.0,7.0,7.5,7.0,7.5,7.5,7.5,7.5,63.00,11,232.50,7,31.80,
,305B,3.0,5.5,6.0,4.5,7.0,6.5,7.0,7.0,7.5,8.0,7.5,8.0,63.90,11,296.40,9,48.90,
10,JPN,NAKAGAWA Mai,401B,2.0,7.5,7.5,7.5,7.0,7.0,7.5,8.0,8.0,8.0,8.0,8.0,46.20,12,46.20,12,8.40,
,SHIBUSAWA Sayaka,101B,2.0,7.5,7.5,7.0,7.5,8.0,8.0,7.5,7.5,7.5,8.0,7.5,45.60,12,91.80,12,15.00,
,305B,3.0,6.5,7.0,7.0,6.0,6.5,6.5,7.5,6.5,7.5,7.0,7.0,63.00,=10,154.80,12,31.20,
,5152B,3.0,6.0,6.0,5.0,6.5,7.0,7.0,7.0,7.5,7.5,7.5,7.5,63.90,10,218.70,11,45.60,
,205B,3.0,7.0,7.0,7.0,7.5,7.5,7.0,8.0,8.0,8.0,7.5,8.0,69.30,8,288.00,10,57.30,
11,GBR,BLAGG Alicia,401B,2.0,8.0,8.0,8.0,8.5,8.0,9.0,8.5,8.5,9.0,8.5,8.5,50.40,8,50.40,8,4.20,
,GALLANTREE,101B,2.0,8.5,8.0,8.5,8.0,8.0,9.0,8.0,7.5,8.0,8.0,8.0,48.60,=9,99.00,8,7.80,
,Rebecca,205B,3.0,6.5,6.5,7.0,5.5,7.0,6.5,7.0,7.5,7.0,7.5,7.5,63.00,=10,162.00,10,24.00,
,305B,3.0,4.0,4.0,4.0,6.5,7.0,8.0,6.0,5.5,6.5,7.5,7.0,54.90,12,216.90,12,47.40,
,5152B,3.0,7.0,7.0,7.5,8.5,8.0,8.0,8.0,8.0,8.0,8.0,8.0,70.20,=6,287.10,11,58.20,
12,RUS,BAZHINA Nadezda,101B,2.0,8.0,8.5,7.5,7.5,7.5,8.0,8.0,8.0,8.0,8.0,8.0,47.40,11,47.40,11,7.20,
,POLYAKOVA Maria,401B,2.0,8.0,8.0,7.5,7.5,7.5,7.5,8.5,8.5,8.0,8.5,8.5,49.20,8,96.60,11,10.20,
,205B,3.0,7.0,7.0,7.5,7.5,8.0,7.5,8.5,8.5,8.5,8.5,8.0,72.00,=2,168.60,7,17.40,
,305B,3.0,5.5,6.5,6.5,6.5,6.5,7.0,7.0,7.5,7.5,8.0,8.0,64.80,=8,233.40,6,30.90,
,5335D,2.9,1.0,2.0,2.0,7.5,7.5,8.0,2.5,3.0,3.0,5.0,4.5,34.80,12,268.20,12,77.10,
DVW201101_73F 1.0                                                                                                  Report created SAT 25 FEB 2012 21:47                                                                                                            Page 1 of 2,
